# Zbior danych zawiera N=1000 punktow opisanych przez d=2 cechy numeryczne,
# tzn. kazdy punkt danych jest punktem w przestrzeni 2D. W zbiorze danych
# jest K=5 grup danych (kazda grupa danych ma inna charakterystyke
# statystyczna). Kolejne punkty danych sa opisane w kolejnych wierszach pliku
# wejsciowego (przez d=2 liczb rzeczywistych). Program grupujacy powinien na
# wyjsciu wypisywac w kolejnych wierszach numer grupy (z zakresu 1..K)
# kolejnych punktow danych (w kolejnosci odpowiadajacej opisowi punktow
# danych w pliku wejsciowym). Parametry N, d, K powinny byc parametrami
# uruchomienia programu grupujacego.

  5.5976670e+000  5.3835371e+000
  3.5292518e+000  5.9629889e+000
  4.4486855e+000  1.0133424e+000
  4.7915490e+000  5.5657127e+000
  2.1688517e+000  8.4187465e+000
  7.0883571e+000  2.4023098e+000
  1.6930192e+000  2.5837182e+000
  2.9325104e+000  6.3608754e+000
  9.9761864e-001  8.4928651e+000
  3.9175269e+000  1.3342568e+000
  8.0495825e+000  1.8469898e+000
  3.9247061e+000  5.0196469e+000
  2.4277755e+000  7.7939810e+000
  7.4420917e+000  4.4821187e-001
  2.4243643e+000  9.1518842e+000
  3.6199386e+000  5.5225284e+000
  2.3581953e+000  1.3476514e+000
  4.0717321e+000  9.1432789e-001
  3.3301616e+000  6.7584343e+000
  4.0775183e+000  8.8377268e-001
  4.0625864e+000  9.3146923e-001
  2.6077240e+000  8.4041656e+000
  2.5115246e+000  8.4424023e+000
  1.4877996e+000  1.6455537e+000
  9.4723790e-001  1.5249439e+000
  1.3287422e+000  7.3920023e+000
  5.3507098e+000  5.6287548e+000
  7.3818500e+000  3.8408846e+000
  3.1722216e+000  5.0410856e+000
  3.3373273e+000  1.1187133e+000
  1.5858534e+000  8.0619847e+000
  2.4101969e+000  1.6628087e+000
  4.3420009e+000  7.5543530e-001
  4.9640084e-001  6.8858835e+000
  2.1829851e+000  8.2955185e+000
  2.8684087e+000  1.5704778e+000
  8.9418540e+000  2.7514767e+000
  1.6603807e+000  7.6925846e+000
  7.7829967e-001  7.4503514e+000
  6.7731797e+000 -1.9065505e-001
  2.0045773e+000  8.6041808e+000
  9.4521851e-001  2.5838444e+000
  1.8095875e+000  8.7280567e+000
  3.7776575e+000  5.7665422e-001
  4.0869123e+000  5.8984944e+000
  3.4765326e+000  7.5245736e+000
  1.9477438e+000  2.9753051e+000
  3.5291392e+000  5.9561351e+000
  8.3391251e+000  1.4224695e+000
  3.9592571e+000  5.9729494e+000
  9.7848789e+000  2.4222606e+000
  1.8818973e+000  7.2318392e+000
  1.7069319e+000  7.7793355e-001
  1.7267995e+000  6.8417806e+000
  3.9852906e+000  1.1753909e+000
  5.3170091e+000  7.2793093e+000
  2.8019308e+000  6.2325310e+000
  8.3294457e+000  1.6443435e+000
  4.1079870e+000  1.2191716e+000
  4.0037729e+000  1.2516402e+000
  4.0030374e+000  8.1012793e-001
  3.0551875e+000  1.1522723e+000
  4.2844429e+000  1.1778427e+000
  3.6016171e+000  6.1136268e+000
  3.0965348e+000  7.4385869e+000
  3.1749040e+000  1.7308655e+000
  3.8930269e+000  1.0971438e+000
  7.2666010e+000  3.3397303e+000
  8.6862086e+000  5.5921969e-001
  2.8127708e+000  7.6857289e+000
  2.9526924e+000  2.5192089e+000
  6.3729204e-001  9.0038599e+000
  1.0273922e+001  3.4763168e+000
  5.2744898e+000  7.4248457e-001
  2.1677623e+000  8.1581531e+000
  1.1860909e+000  2.1265992e+000
  3.9641786e+000  1.2682585e+000
  2.4146347e+000  7.9487387e+000
  8.0249829e+000  1.3068420e-001
  4.6965027e+000  6.3560913e+000
  3.5927165e+000  7.0149406e+000
  3.8388745e+000  7.5414222e-001
  1.7390108e+000  2.0408673e+000
  7.8477018e+000  3.1011969e+000
  3.7307024e+000  5.6667577e-001
  3.9445507e+000  9.8003549e-001
  3.3940564e+000  5.7496708e+000
  1.8593675e+000  8.1277826e+000
  1.6390273e+000  2.1954490e+000
  5.3979017e+000  6.5415359e+000
  2.6293569e+000  8.1497358e+000
  8.9045856e-001  9.7146721e-002
  9.0485745e+000  3.7002120e+000
  1.2782470e+000  2.4680445e+000
  8.1464371e+000  1.3761105e+000
  2.7092277e+000  7.8836754e+000
  7.2855767e+000  1.6096504e+000
  4.0116456e-001  8.0581627e+000
  3.6966263e+000  1.1043850e+000
  3.8082863e+000  1.2408060e+000
  1.0080664e-001  9.7626080e-001
  4.1883587e+000  1.0735679e+000
  1.2883295e+000  7.2733456e+000
  3.5036545e+000  8.6240404e+000
  3.5965354e+000  1.3273304e+000
  8.2871377e+000  9.6872750e-001
  8.8341981e+000  2.5474644e+000
  6.5993703e-002  2.5161517e+000
  8.6295214e-001  8.2334138e+000
  1.7354243e+000  7.9533441e+000
  3.7181324e+000  7.0043297e-001
  7.9130809e-001  2.5796782e+000
  3.1457174e+000  6.0663959e+000
  3.7487291e+000  1.8818217e+000
  1.7229004e+000  5.5512850e+000
  2.3189144e+000  7.9049290e+000
  6.9172050e+000  1.4423941e+000
  6.3260878e+000  1.7153513e+000
  1.3441730e+000  2.0577495e+000
  4.0974457e+000  1.0808278e+000
  6.8653664e+000  1.6406066e+000
  3.7430555e+000  6.0925232e+000
  9.4139087e+000  1.3379180e+000
  8.4822720e-001  2.4896185e+000
  1.3391838e+000  7.6297564e+000
  3.3966529e+000  7.5279251e-001
  3.9282895e+000  1.1124194e+000
  7.4635740e+000  2.1869796e+000
  8.9159969e+000  1.4998233e+000
  3.6213018e+000  1.1640893e+000
  4.7908744e+000  4.1556745e+000
  1.9801566e+000  8.0249157e+000
  4.1242697e+000  9.0817667e-001
  4.0841265e+000  1.3651269e+000
  6.2492583e+000  2.5090768e+000
  1.7209302e+000  7.9166388e+000
  4.1499230e+000  5.8255319e+000
  4.4252444e+000  5.9565805e+000
  9.6096849e-001  1.8692647e+000
  6.2473696e+000  9.4666030e-001
  1.0714119e+000  6.9346384e+000
  2.5880066e+000  8.8403617e+000
  1.2420964e+000  2.2196283e+000
  4.2005212e+000  6.4170050e+000
  3.0568764e+000  2.0012797e+000
  3.7812744e+000  4.6042063e+000
  3.7165109e+000  9.0862524e-001
  1.6868310e+000  6.9776712e+000
  2.5927397e+000  1.8445482e+000
  6.3038922e+000  6.0909756e+000
  4.1523939e+000  6.3006565e+000
  3.3393644e+000  5.5162628e+000
  4.2676750e+000  7.6759785e-001
  2.2073634e+000  1.5206414e+000
  3.3402404e+000  7.0196921e+000
  2.4857679e+000  2.8166155e+000
  3.7907813e+000  1.0172077e+000
  6.6779210e+000  3.5579203e+000
  1.3838652e+000  1.3254945e+000
  8.2652274e+000  1.9084182e+000
  1.7112455e+000  1.5638687e+000
  2.5767306e+000  7.8639043e+000
  4.4791065e+000  8.6824029e-001
  2.5207673e+000  7.9063771e+000
  1.2694324e+000  2.4059391e+000
  2.1845899e-001  7.6779935e+000
  5.2597929e+000  5.2908244e+000
  8.4157463e+000  2.3746874e+000
  1.0397673e+001  1.3538637e+000
  2.4553433e+000  8.5598819e+000
  3.9902936e+000  9.1457078e-001
  1.3467983e+000  1.9526308e+000
  3.7819223e+000  1.2670483e+000
  3.9663633e+000  7.4495124e-001
  2.5981856e+000  7.4133501e+000
  3.7781061e+000  8.7700960e-001
  4.0839127e+000  1.1220365e+000
  7.5259505e+000  4.2825294e+000
  3.9046543e+000  1.1161284e+000
  1.0498179e+001  2.4188497e+000
  4.5936125e+000  5.8715903e+000
  3.2999633e+000  5.2732266e+000
  2.4532987e+000  1.3928286e+000
  4.2824375e+000  5.7291642e+000
  1.1167653e+000  8.4496170e+000
  3.4366107e+000  5.1705544e+000
  1.3043380e+000  7.4699492e+000
  8.3417055e+000  2.1216693e+000
  7.2727312e+000  2.5966330e+000
  3.5514011e+000  7.0062036e+000
  3.6113057e+000  6.0234366e+000
  5.5744212e-001  1.6836430e+000
  7.9435409e+000  1.5875323e+000
  1.0506537e+001  9.4914077e-001
  8.9799480e+000  2.8053863e-001
  2.0857145e+000  2.0660573e+000
  1.9141941e+000  7.9924265e+000
  1.4186734e+000  8.9469723e+000
  1.5108273e+000  1.5143352e+000
  1.7502321e+000  1.8066472e+000
  2.2082707e+000  9.3886729e+000
  3.6573944e+000  6.0522340e+000
  1.0152317e+000  8.6747062e+000
  3.8761339e+000  5.5921373e-001
  1.5562019e+000  6.5809538e+000
  9.1995853e+000  2.1081378e+000
  9.5345823e+000  8.8588361e-001
  5.1363133e+000  6.4080378e+000
  3.5063180e+000  7.5438220e+000
  3.1317659e+000  5.9819065e+000
  2.2312268e+000  2.3680961e+000
  4.2364829e+000  6.8529883e+000
  2.8778051e+000  6.1592178e+000
  4.2441489e+000  5.6565523e+000
  2.5224513e-001  8.1716135e+000
  7.2386061e+000  2.9070094e+000
  3.8332384e+000  7.0502179e+000
  7.9084156e+000  1.8795750e+000
  2.5477540e+000  1.1976048e+000
  2.8073788e+000  1.5333888e+000
  3.9414348e+000  7.0062261e-001
  4.9702951e+000  5.3753607e+000
  4.2328595e+000  6.7049098e+000
  1.0106232e+000  2.3538860e+000
  1.8524635e+000  9.6739406e-001
  8.8552744e+000  3.6239912e+000
  8.3713588e+000  2.0036623e+000
  4.0710764e+000  1.0836637e+000
  3.4535024e+000  7.1851949e+000
  4.7633211e-001  7.0014995e+000
  1.7466511e+000  1.3647166e+000
  2.0215547e+000  2.3780086e+000
  3.6695964e+000  7.7013773e-001
  1.4254459e+000  6.3711022e+000
  6.7389319e+000  2.7204785e+000
  5.7965142e+000  3.7826041e+000
  2.4184394e+000  2.6928691e+000
  3.8710949e+000  6.0532779e+000
  2.9435442e+000  3.4587296e+000
  2.5805366e+000  2.3155201e+000
  8.4569200e+000  2.5488264e+000
  8.3968696e-001  1.0091329e+001
  2.0673849e+000  8.9651451e+000
  1.4076231e+000  3.1754039e+000
  1.5753821e+000  1.6092509e+000
  7.8293006e+000  2.3676122e+000
  7.5874260e+000  3.0295150e+000
  3.8453778e+000  8.8898647e-001
  3.7634408e+000  9.5266740e-001
  8.4265019e+000  3.0938139e+000
  1.3859081e+000  2.6509096e+000
  3.8132045e+000  1.0490550e+000
  1.4816669e+000  5.9085393e-001
  1.7753199e+000  8.3477311e+000
  7.4381423e+000  2.2887116e+000
  1.9193120e+000  2.5673361e+000
  6.7957264e+000  6.8952828e-002
  4.0005274e+000  6.0342380e+000
  3.7040495e+000  1.1075527e+000
  5.1000482e+000  2.2256490e+000
  2.1435470e+000  2.2218030e+000
  3.7870456e+000  9.0776745e-001
  4.4123627e+000  6.5044520e+000
  3.0324539e+000  2.3351983e+000
  2.7793991e+000  6.8746161e+000
  3.5215647e+000  1.4566003e+000
  1.4028045e+000  2.6621238e+000
  3.9318957e+000  5.7705857e+000
  9.4607109e+000  1.3065313e+000
  2.5336006e+000  1.0724782e+000
  4.0322390e+000  1.1315102e+000
  7.7960958e+000  2.0863007e+000
  3.8611721e+000  1.0371664e+000
  3.8675152e+000  5.8420508e+000
  1.5874309e+000  9.0958967e+000
  3.2127040e+000  8.5273616e+000
  4.3619754e+000  5.5897103e+000
  4.2925163e+000  9.1445117e-001
  4.1881883e+000  6.5970367e+000
  5.0283145e+000  6.2166153e+000
  1.4391743e+000  8.5877504e+000
  9.0012105e+000  2.9540523e+000
  5.1807987e+000  6.1126166e+000
  7.5885647e+000  2.2270038e-001
  1.6540248e+000  2.2944245e+000
  2.8410127e+000  8.1725578e+000
  1.1731381e+000  8.2728250e+000
  6.4554687e+000 -5.9891054e-001
  2.7251091e+000  8.4859156e+000
  8.8774834e+000  3.3308974e+000
  3.7226018e+000  1.1095903e+000
  6.9366396e+000 -4.0311168e-001
  8.3786744e+000  1.0480726e+000
  4.0199184e+000  1.0328088e+000
  3.0635127e+000  7.9994282e+000
  2.6638708e+000  1.4068958e+000
  3.0238681e+000  1.4257163e+000
  3.1821519e+000  5.4802538e+000
  9.2903521e+000  1.6971708e+000
  3.4652045e+000  9.4701869e+000
  9.1654159e+000  2.0306155e+000
  4.6716789e+000  6.6332808e+000
  7.5770923e+000  4.3501862e+000
  3.3173925e+000  6.5915650e-001
  3.8990516e+000  9.5465060e-001
  2.5038725e+000  8.9880234e+000
  3.6922305e+000  6.3298867e+000
  1.4183582e+000  8.4826610e+000
  2.1785724e+000  7.7350749e+000
  8.0614228e+000  2.2359158e+000
  8.6033502e-001  1.2750381e+000
  7.3147808e+000  9.3083557e-001
  2.3803468e+000  1.1100079e+000
  3.7425053e+000  4.6055969e+000
  8.5773441e+000  4.7886361e+000
  4.1184726e+000  7.8826284e-001
  4.4865923e+000  6.4604758e+000
  3.8683601e+000  1.0224589e+000
  2.5018699e+000  2.2629799e+000
  3.3916770e+000  6.7015022e+000
  4.1798219e+000  1.1580425e+000
  4.3116557e+000  1.3195290e+000
  7.2981627e+000  9.0362907e-001
  1.7653474e+000  8.5518066e+000
  3.9817742e+000  1.1541888e+000
  3.9831001e+000  7.0540857e-001
  4.2307082e+000  1.3380882e+000
  6.5841429e-001  8.1194473e+000
  8.4070683e+000  1.0865852e+000
  7.8834280e+000  1.8232427e+000
  2.1298099e+000  1.6504467e+000
  3.4716899e+000  7.8960718e-001
  2.6284348e+000  7.9373552e+000
  2.8734378e+000  8.3505012e+000
  1.1965512e+000  7.3405748e+000
  4.2204050e+000  6.5808170e-001
  2.0767341e+000  2.0807857e+000
  3.9799590e+000  1.5734874e+000
  3.9288003e+000  6.0243230e-001
  1.5877794e+000  2.6881755e+000
  9.3245558e+000  1.8170025e+000
  4.2443598e+000  9.3683748e-001
  4.4191186e+000  5.4412850e+000
  4.3129007e+000  7.0829013e-001
  8.4666846e+000  2.1499199e+000
  1.5528147e+000  8.8613953e+000
  5.3899674e+000  2.9482160e+000
  3.9448565e+000  6.2568290e+000
  8.9531278e+000  1.3033049e+000
  3.4697772e+000  6.0047717e+000
  6.5922373e+000  1.6825473e+000
  4.1246063e+000  6.2877339e-001
  4.0745833e+000  7.5411546e-001
  4.6396063e+000  5.8072850e+000
  2.6166702e+000  8.0031331e+000
  2.1654090e+000  8.1050783e+000
  7.9508832e+000  1.2099920e+000
  4.0850536e+000  1.2838156e+000
  7.7369823e+000  1.0942975e-001
  1.0053071e+000  2.5355393e+000
  7.6224654e+000  1.8264208e+000
  3.9621012e+000  7.6250532e-001
  3.3232055e+000  1.9677206e+000
  3.7811517e+000  1.0618534e+000
  1.0297931e+000  8.6181986e+000
  2.5502066e+000  2.5297906e+000
  7.9588959e+000  2.3013368e+000
  8.5768350e+000  1.8967133e+000
  3.7190216e+000  1.1089068e+000
  2.4202268e+000  1.2276479e+000
  9.1269827e-001  7.9407159e+000
  2.5687553e+000  6.3278165e+000
  2.2543898e+000  1.1091349e+000
  1.6372160e+000  6.7600133e+000
  4.1864782e+000  1.0093363e+000
  3.9327410e+000  4.4610915e+000
  4.1303408e+000  1.2951488e+000
  2.8950179e+000  1.2361469e+000
  8.0184574e+000  1.8043867e+000
  3.7935862e+000  1.0429443e+000
  2.5605474e+000  2.6852690e+000
  3.9158141e+000  9.5812933e-001
  1.0888654e+000  6.8674740e+000
  2.8995034e+000  6.8050257e+000
  8.2358618e+000  3.7221820e+000
  4.8163834e+000  6.4623265e+000
  3.9594765e+000  6.9763286e+000
  3.2537047e+000  5.0702569e+000
  3.0193417e+000  8.2443888e+000
  1.9003394e+000  2.7395257e+000
  3.8218890e+000  1.3875254e+000
  2.8368786e+000  8.3565154e+000
  2.2844311e+000  1.2162068e+000
  8.4814810e+000  2.7131869e+000
  8.1266796e-001  7.7117448e+000
  6.8849168e-001  7.8614708e+000
  9.6490792e-001  8.1990365e+000
  3.9044320e+000  9.5239920e-001
  2.3123995e+000  7.8906666e-001
  2.1168542e+000  7.6300642e+000
  1.0460068e+001  9.8058074e-001
  2.9106667e+000  5.5300095e+000
  4.2021927e+000  6.4871002e-001
  4.2112355e+000  6.9004970e-001
  1.9788814e+000  2.5911344e+000
  2.4688321e+000  2.7558517e+000
  3.8998253e+000  1.2832338e+000
  1.7405373e+000  2.5460070e+000
  3.0835779e+000  7.8475196e+000
  8.8156083e+000  3.2719087e+000
  1.2942490e+000  1.3667266e+000
  2.0115529e+000  7.9141747e-002
  7.6147960e+000  3.3299764e+000
  2.2452027e+000  7.7178827e+000
  2.6447566e+000  7.7955262e+000
  2.0904610e+000  1.3785260e+000
  1.2405346e+000  1.9743477e+000
  1.1240669e+000  8.5815082e+000
  1.2414474e+000  8.1248343e+000
  9.7096813e-001  1.9313162e+000
  4.5779369e+000  5.9452002e+000
  2.1791792e+000  2.1862309e+000
  3.4810098e+000  6.3884083e+000
  3.6963793e+000  3.1301601e-001
  3.9848217e+000  1.3780088e+000
  4.0161398e+000  1.2619672e+000
  4.2762240e+000  6.4358052e+000
  8.4665413e+000  3.2662540e+000
  2.3277703e+000  5.9595315e+000
  1.4280752e+000  7.2089127e+000
  2.5555134e+000  1.9769263e+000
  3.9411381e+000  1.0639166e+000
  3.8604600e+000  4.3125821e-001
  2.4163109e+000  3.3134871e+000
  2.1928609e+000  2.4809515e+000
  3.8366101e+000  4.7432049e+000
  4.7097558e+000  5.7594189e+000
  3.8823016e+000  7.2052757e-001
  1.5206614e+000  8.1403208e+000
  2.3189881e+000  7.3506628e+000
  4.1207965e+000  9.6533821e-001
  3.8780895e+000  1.0408388e+000
  1.0367256e+001  2.0814784e+000
  1.7510410e+000  1.9446876e+000
  1.8062789e+000  6.5754959e+000
  4.2351323e+000  1.0647378e+000
  6.3918552e+000  3.4118661e+000
  4.4417553e+000  6.3801701e+000
  1.4894687e+000  7.6595539e+000
  9.6219425e+000  2.2135586e+000
  4.3899505e+000  7.8438936e-001
  3.5796635e+000  5.0123017e-001
  4.1593573e+000  1.4228373e+000
  7.7255990e+000  3.2712243e+000
  1.4025618e+000  2.0413415e+000
  2.3912436e+000  1.7497351e+000
  2.0919009e+000  2.2398511e+000
  1.7449229e+000  9.6245848e+000
  7.9181673e+000  5.7874115e-001
  8.1196123e+000  3.7382484e+000
  8.3118475e+000  3.7788006e+000
  3.1425977e+000  5.5488944e+000
  7.7609595e+000  8.1954569e-001
  2.5453353e+000  9.4416128e+000
  8.7558885e-001  8.7179522e+000
  1.8397353e+000  7.8405144e+000
  9.5929879e+000  2.8608299e+000
  4.0798636e+000  5.3888910e+000
  2.3422928e+000  1.7261808e+000
  4.3259541e+000  5.0275367e+000
  3.8987372e+000  5.6161249e+000
  4.0027038e+000  7.2537041e+000
  3.9835900e+000  5.7878797e+000
  6.6571625e+000  2.1065492e+000
  4.3393558e+000  8.1959457e-001
  1.7825691e+000  9.3692885e+000
  8.3506030e+000  1.8009473e+000
  5.2162414e+000  5.1542641e+000
  2.8073021e+000  9.5522274e-001
  2.4262855e+000  6.1458597e+000
  3.9323891e+000  5.8074070e+000
  4.0644011e+000  9.5942629e-001
  3.2289771e+000  6.6053929e+000
  1.4744244e+000  7.6275504e+000
  4.7579443e+000  5.3487226e+000
  8.1791659e+000  1.8921178e+000
  4.0875921e+000  1.0057004e+000
  7.8111948e+000  1.1625531e+000
  8.7647413e+000  1.1627534e+000
  9.6707852e-001  1.9916840e+000
  2.6021564e+000  2.6595985e+000
  2.6385476e+000  6.4827627e+000
  2.8520528e+000  8.6530151e+000
  7.4788707e+000  3.4805534e+000
  3.9289637e+000  9.3297604e-001
  1.7795514e+000  8.0798603e+000
  7.9196643e+000  5.1376965e-001
  7.1878711e+000  2.4927523e+000
  2.2331315e+000  6.4195832e+000
  3.7675685e+000  1.2224914e+000
  1.5411491e+000  3.4959377e+000
  2.0439530e+000  2.2344672e+000
  2.7289564e+000  1.4798132e+000
  4.2373620e+000  7.7421065e-001
  1.7621535e+000  7.9401785e+000
  4.0388937e+000  5.0641558e-001
  2.8511489e+000  1.5642008e+000
  1.0218322e+001 -3.7453368e-001
  1.4193811e+000  9.7595448e+000
  2.8777836e+000  2.1483342e+000
  1.7173726e+000  2.9807452e+000
  2.9171860e+000  7.0344573e+000
  1.8034889e+000  1.1266518e+000
  3.9663712e+000  5.9055674e+000
  8.8149512e+000  1.5355921e+000
  2.9777871e+000  6.9513807e+000
  3.6423910e+000  7.7741655e-001
  3.0751641e+000  5.1859906e+000
  1.4866347e+000  7.4788145e+000
  3.4384942e+000  1.2327039e+000
  8.0529320e+000  4.3690824e+000
  7.1153792e+000  7.8585250e-001
  6.8634663e+000  1.1214425e+000
  2.0104818e+000  4.0497198e-001
  4.1044999e+000  2.3803752e+000
  3.9071123e+000  1.3224496e+000
  1.7662997e+000  1.0043004e+000
  3.9737658e+000  3.3207821e+000
  1.9798397e+000  8.3904839e+000
  2.1440244e+000  8.2773616e+000
  3.8198571e+000  1.2156082e+000
  8.3714834e+000  1.5157996e+000
  2.6973519e+000  1.1841275e+000
  1.4659914e+000  1.8383457e+000
  1.6907061e+000  7.7581827e+000
  6.1107996e+000  3.4086341e+000
  3.2832463e+000  4.7045868e+000
  9.3963443e+000  4.2439732e-001
  4.3029613e+000  7.0777513e+000
  3.9290311e+000  6.5081265e-001
  2.6016148e+000  2.4358781e+000
  1.8536657e+000  6.9105876e+000
  1.9347732e+000  5.9271024e+000
  7.8948232e+000  1.9076200e+000
  3.6898392e+000  1.1989080e+000
  2.4088501e+000  8.1707935e+000
  7.8100463e+000  2.1083790e+000
  3.9479109e+000  1.0048704e+000
  7.1953917e+000 -4.9798980e-001
  3.7522715e+000  5.9370233e+000
  7.5395713e+000  2.6022312e+000
  2.0917457e+000  4.6169612e-001
  2.3760486e+000  7.9299619e+000
  4.0315080e+000  9.3381596e-001
  2.3791549e+000  7.8699737e+000
  1.3506279e+000  1.1432377e+000
  4.2089459e+000  8.8572027e-001
  1.3210902e+000  9.0534209e+000
  7.9272669e+000  1.2256728e+000
 -5.4749699e-002  7.2983722e+000
  1.2698662e+000  8.1853126e+000
  3.2163777e+000  6.3956071e+000
  2.6257655e+000  8.9463834e+000
  8.6251620e+000  1.6067187e+000
  8.2538866e+000  2.8921345e+000
  3.9292224e+000  1.3074378e+000
  2.1676575e+000  8.2592563e+000
  8.4311360e+000  1.4317919e+000
  4.8262223e+000  5.4037587e+000
  3.2548790e+000  6.4364590e+000
  5.1957104e+000  5.6499807e+000
  1.3153774e+000  1.6267494e+000
  2.2760061e+000  8.7141945e+000
  1.3346423e+000  9.3308627e+000
  3.3697381e+000  6.9634651e+000
  2.5477872e+000  8.3257071e+000
  2.5161709e+000  7.1975633e+000
  7.5784201e-001  7.2262423e+000
  5.1193333e+000  5.5894023e+000
  4.0458699e+000  6.1127970e-001
  6.6848180e+000  2.1630909e+000
  2.1916645e+000  1.8106130e+000
  6.3791475e-001  8.2277145e+000
  1.6055533e+000  2.5027028e+000
  8.2256167e-001  6.4971061e+000
  6.0163212e+000  9.2762313e-001
  3.7539676e+000  6.3208584e-001
  9.1638122e+000  1.3212885e+000
  1.7590261e+000  1.4895130e+000
  1.6274571e+000  7.6221156e+000
  1.8205606e+000  9.6527906e+000
  1.9765733e+000  7.3662604e+000
  1.5898765e+000  2.3357743e+000
  4.8336039e+000  4.6424383e+000
  7.4061390e+000  3.5717154e+000
  4.2681237e+000  1.0344455e+000
  3.0490152e+000  3.1472892e+000
  1.8381978e+000  8.7146182e-001
  1.2962554e+000  1.1680883e+000
  4.8750026e+000  6.6381339e+000
  4.9626097e+000  5.9275012e+000
  2.6905665e+000  7.9536021e+000
  3.8453115e+000  1.3326477e+000
  2.0490212e+000  3.0514875e+000
  1.9684323e+000  9.0236703e+000
  3.8227564e+000  8.2570691e-001
  4.0611979e+000  5.4743221e+000
  1.5434941e+000  8.3264551e+000
  7.9044832e+000  1.4273554e+000
  3.6198608e+000  7.9530631e-001
  7.9929490e+000  1.6587638e+000
  5.4036049e+000  5.8099363e+000
  9.3267747e-001  8.3231844e+000
  3.2262220e+000  5.8933841e+000
  2.2291012e+000  1.7027980e+000
  6.9008947e-001  8.1345611e+000
  4.0371528e+000  5.8288668e+000
  3.0238764e+000  6.5079735e+000
  2.2949562e+000  1.7576752e+000
  2.6331962e+000  8.9687604e+000
  6.7994588e+000  1.9498215e+000
  1.6702061e+000  1.1165236e+000
  1.5226605e+000  2.6981794e+000
  1.0722423e+000  4.7626122e-001
  8.4158937e+000  2.2568248e+000
  2.6374435e+000  9.0034474e+000
  1.4877998e+000  1.8035770e+000
  3.4616046e+000  6.4767457e+000
  8.0396264e+000  2.4211812e+000
  4.0225843e+000  1.3226778e+000
  2.6312416e+000  1.4085704e+000
  4.2856048e+000  9.5080453e-001
  4.9824931e+000  6.9957868e+000
  2.5008755e+000  1.2786944e+000
  4.6879260e+000  6.5875911e+000
  2.6510066e+000  8.5624894e+000
  8.5248678e+000  2.5075455e+000
  5.1865664e+000  5.9424575e+000
  1.5540479e+000  3.3157100e+000
  4.1278333e+000  7.6784422e-001
  4.4143885e+000  5.7606957e+000
  1.3357806e+000  1.9933991e+000
  2.0566892e+000  2.0354416e+000
  4.1916873e+000  1.2077487e+000
  3.6862130e+000  1.3967357e+000
  1.8125240e+000  1.1134367e+000
  3.8848580e+000  1.0301515e+000
  2.5345925e+000  8.7218600e+000
  1.5326400e+000  1.9062427e+000
  4.0649233e+000  1.3581402e+000
  4.4184518e+000  5.7076427e+000
  1.8850226e+000  2.5609588e+000
  4.6826737e-001  2.9759680e-001
  9.1068809e+000  1.6313453e+000
  3.9360566e+000  9.6981564e-001
  8.1398955e+000  1.7303348e+000
  2.3240610e+000  2.7361761e+000
  7.7379683e+000  1.8704128e+000
  2.0469291e+000  7.7659179e+000
  2.0304325e+000  4.8494047e-001
  1.8345371e+000  8.0931777e+000
  7.2965347e+000  1.8845130e+000
  3.6613335e+000  7.4859020e-001
  4.3895545e+000  5.8235738e+000
  4.4760332e+000  1.0655816e+000
  4.3325877e+000  1.0881569e+000
  3.9422322e+000  5.6252831e+000
  1.9323730e+000  1.5526413e+000
  9.1763083e+000  8.5601926e-001
  7.1192009e-001  7.4741739e+000
  2.6768393e+000  1.6873714e+000
  2.5098960e+000  6.8325077e+000
  8.6360298e+000  3.9100942e-001
  4.3551506e+000  8.2455379e-001
  3.6530040e+000  1.1075049e+000
  3.1716485e-001  7.4909310e+000
  9.1261785e+000  2.2223862e+000
  8.3417322e+000  3.7088216e+000
  7.1931130e+000  3.0279108e+000
  6.6145393e+000  3.1809585e+000
  4.5961379e+000  6.3914777e+000
  7.7080221e+000  1.1105140e+000
  4.2568562e+000  8.6014804e-001
  4.1265482e+000  8.7470996e-001
  9.9702359e+000  1.9249454e+000
  7.2997104e+000  1.5522681e+000
  3.3646922e+000  1.0010116e+000
  3.3217836e+000  6.9560940e-001
  3.7185174e+000  7.6315213e-001
  3.8107564e+000  1.2608868e+000
  8.6049600e+000  1.4573708e+000
  8.8151470e+000  2.5095630e+000
  2.3128218e+000  2.1625385e+000
  4.2203726e+000  7.6271967e+000
  3.2272097e+000  6.3381322e+000
  1.9201317e+000  7.3945184e+000
  4.2374124e+000  6.8681223e+000
  5.0823092e+000  6.5598793e+000
  1.0194120e+000  8.0153591e+000
  3.7729856e+000  1.0618922e+000
  2.2620241e+000  2.2690106e+000
  1.9786403e+000  6.7692577e+000
  1.2664861e+000  1.6499113e+000
  3.6966892e+000  8.9360256e-001
  3.9292381e+000  7.1138731e+000
  4.6591154e+000  1.1332844e+000
  4.1463953e+000  1.5134552e+000
  2.4344429e+000  1.9216188e+000
  4.2643730e+000  7.9410953e-001
  3.8444799e+000  8.1079205e-001
  4.1592118e+000  1.1915380e+000
  4.3014973e+000  6.6880065e+000
  3.7102475e+000  5.9788399e+000
  1.5604818e+000  8.5443222e+000
  4.8026960e+000  5.8496912e+000
  1.4380702e+000  7.9667415e+000
  3.6343266e+000  6.4824037e-001
  4.2198311e+000  6.1205446e-001
  4.0621578e+000  1.2330854e+000
  2.0649797e+000  2.1827498e+000
  3.9067313e+000  1.0805127e+000
  4.0828099e+000  6.2181310e-001
  4.4051433e+000  6.5858733e+000
  2.0865521e+000  2.3201829e+000
  3.2267872e+000  6.5986687e+000
  2.3636211e+000  9.9973036e-001
  3.4684514e+000  4.8891967e+000
  8.6609387e+000  3.4783215e+000
  7.1986473e+000  3.0682880e+000
  2.1450328e+000  1.8300031e+000
  7.1368312e+000  1.8280511e+000
  1.2401106e+000  7.4034092e+000
  3.6062451e+000  7.6447266e+000
  2.7638817e+000  7.6761001e-001
  4.9399346e-001  8.3770938e+000
  7.4702665e+000  1.9869571e+000
  2.0458041e+000  2.9539423e+000
  1.6411772e+000  7.9826736e+000
  1.4542142e+000  1.7586314e+000
  1.9294587e+000  9.5656400e+000
  6.8051751e-001  2.6778437e+000
  7.1637647e+000  2.2992546e+000
  1.4789082e+000  2.6653239e+000
  4.1318355e+000  7.4134815e-001
  1.0382219e+000  7.5849111e+000
  4.3296940e+000  7.3301329e+000
  4.0336787e+000  7.1018314e+000
  4.1036801e+000  6.0617066e+000
  4.9992177e+000  5.2280194e+000
  8.1419762e+000  2.3308163e+000
  2.9577126e+000  1.0429842e+000
  4.1122517e+000  6.1845848e+000
  3.3656549e+000  7.7237805e+000
  7.7789798e+000  2.0431173e+000
  2.3977010e+000  7.8645700e+000
  2.7750088e+000  5.5286363e+000
  1.1937916e+000  6.3237574e+000
  1.0856803e+001  2.2430365e+000
  4.1668248e+000  6.7428254e-001
  1.6891743e+000  8.3133868e+000
  4.7392969e+000  7.6432115e+000
  6.8825143e+000  2.1004763e+000
  3.1091960e+000  5.6578800e+000
  9.0242988e+000  3.0943971e+000
  8.2519077e+000  2.8386053e+000
  3.8692421e+000  6.7609102e+000
  4.3744804e+000  8.2485469e-001
  1.3899826e+000  1.9366962e+000
  4.1871485e+000  5.7163989e+000
  1.3231194e+000  7.2609144e+000
  7.2296268e+000 -9.5302650e-002
  7.4862670e-001  1.3327559e+000
  8.7831661e+000  2.4854444e+000
  4.4098331e+000  8.7036779e-001
  1.3131229e+000  8.3883911e+000
  8.6997950e-001  1.0566322e+000
  3.6471401e+000  9.4789728e-001
  3.9850784e+000  1.1110111e+000
  8.8552966e+000  3.2565514e+000
  4.3993956e+000  5.9734754e+000
  9.8152038e+000  1.5019454e+000
  3.6498298e+000  1.1119729e+000
  4.3505142e+000  6.7364285e-001
  3.5599255e+000  5.6461953e+000
  4.1659481e+000  5.0306819e-001
  3.1843952e+000  5.4091438e+000
  8.8757636e+000  5.4327967e-001
  9.7614068e+000  1.8379301e+000
  2.5215403e+000  6.1774368e+000
  3.5927391e+000  1.8705609e+000
  8.9851825e+000  3.4854956e+000
  7.2670856e-001  7.9055228e+000
  5.0479116e+000  6.1535883e+000
  1.0020353e+000  8.2167003e+000
  1.1564971e+000  7.3164722e+000
  3.9666399e+000  5.6072918e-001
  3.6856950e+000  6.2517645e+000
  1.9795300e+000  7.8297322e+000
  8.2929873e+000  2.0102683e+000
  4.5423074e-001  8.8434631e-001
  1.1958052e+000  2.1679757e+000
  3.6949975e+000  9.4017292e-001
  4.4975543e+000  6.9045961e+000
  2.0785878e+000  1.8628934e+000
  4.0332619e+000  1.1377969e+000
  9.5498329e-001  1.3587580e+000
  4.0725576e+000  1.1277268e+000
  2.2911849e+000  1.3717388e+000
  1.8695701e+000  8.2500688e+000
  1.6102561e+000  1.6752113e+000
  7.8051119e+000  2.7496792e+000
  1.5224027e+000  7.6374352e+000
  4.9940911e+000  6.0420904e+000
  4.1742696e+000  4.8036661e+000
  1.8838282e+000  9.3872417e+000
  2.6717857e+000  3.2624633e-001
  4.1205887e+000  4.4335230e+000
  2.7168657e+000  7.2639113e+000
  4.1483274e+000  6.4732130e+000
  5.5856943e+000  6.8684230e+000
  4.3795819e+000  1.0721694e+000
  1.4294117e+000  1.1856847e+000
  4.1444357e+000  1.3358355e+000
  3.1738733e+000  7.4097341e+000
  6.1004614e+000  1.2138003e+000
  2.3339523e+000  2.5141941e+000
  1.8323062e+000  2.7708183e+000
  4.0030882e+000  1.3578366e+000
  8.5540868e+000  2.6363204e+000
  4.0403171e+000  1.2101727e+000
  9.8697991e+000  2.6484393e+000
  1.6734272e+000  1.9911532e+000
  2.1727427e+000  8.3115806e+000
  1.4003587e+000  8.3715545e+000
  7.1183167e+000  1.9463073e+000
  7.8453402e+000  6.3750821e-001
  2.3204171e+000  8.0481339e+000
  2.0823321e+000  2.9386076e+000
  8.2279738e+000  2.0090207e+000
  7.3046564e+000  2.2992193e+000
  8.0027805e+000  2.3963388e+000
  3.8213206e+000  8.1372343e-001
  4.1262505e+000  5.0539507e+000
  2.3900155e+000  2.1289275e+000
  2.9083991e+000  4.2982272e+000
  4.0740440e+000  5.8339531e+000
  4.1671568e+000  1.3198994e+000
  3.4737821e+000  7.5099276e+000
  1.1506599e+000  1.7847149e+000
  3.7419050e+000  6.7711424e+000
  4.1508188e+000  6.7437980e+000
  4.8566637e+000  5.8913326e+000
  7.0395788e+000  1.4026121e+000
  7.2455600e+000  1.4045214e+000
  3.9587250e+000  1.0708576e+000
  2.9461011e+000  2.8021175e+000
  4.4662807e+000  6.4693271e+000
  8.1466179e+000  1.9301789e+000
  6.3848221e+000  3.3812243e+000
  2.3588305e+000  6.1597511e-001
  7.4181482e+000  2.7593370e+000
  1.7579962e+000  2.0368416e+000
  3.9451668e+000  1.0039637e+000
  4.1555291e+000  6.5023985e+000
  2.8141085e+000  5.6333515e+000
  2.6144706e+000  8.1479343e+000
  2.5219389e+000  1.9181252e+000
  2.8910636e+000  2.1735478e+000
  2.2610555e+000  1.5767358e+000
  4.5052727e+000  9.9402327e-001
  2.7384046e+000  7.5363600e+000
  4.4024211e+000  5.9331839e-001
  4.8622729e+000  5.3583673e+000
  3.6387163e+000  2.6374733e+000
  2.0528123e+000  7.1336784e+000
  2.8184093e-001  6.8754638e+000
  4.3409721e+000  6.6961426e+000
  2.4289344e+000  8.6943507e+000
  2.3053085e+000  2.8385145e+000
  1.9517051e+000  7.9762586e+000
  4.0660982e+000  5.2649691e-001
  2.9359159e+000  1.0416677e+000
  3.8875887e+000  9.4392614e-001
  1.9786901e+000  4.3437811e-001
  8.6349951e-001  8.7051845e+000
  4.0351050e+000  8.6909166e-001
  9.1186212e+000  2.0380999e+000
  1.2484184e+000  1.5620587e+000
  3.4876672e+000  7.1797117e+000
  3.9369565e+000  7.5990917e+000
  8.7048582e+000  5.0203266e+000
  1.4176353e+000  7.3998854e+000
  7.6421245e+000  1.3434695e+000
  3.8016689e+000  6.1672657e+000
  2.3591886e+000  3.4490382e+000
  4.1446198e+000  5.6656897e+000
  8.4434134e+000  3.2366394e-002
  4.1125397e+000  5.1035123e-001
  3.7952296e+000  6.1028171e+000
  1.3692855e+000  1.8931656e-001
  2.3029482e+000  1.2458204e+000
  8.2036229e+000  3.5091632e+000
  4.3455697e+000  1.3230747e+000
  5.0875672e+000  6.0409911e+000
  4.4462367e+000  1.0805226e+000
  1.6607562e+000  7.6564613e+000
  8.4523475e+000  3.5287430e+000
  2.1297334e+000  1.6601195e+000
  3.9535406e+000  4.5523290e+000
  3.1405743e+000  5.9491864e+000
  4.1511777e+000  6.2519660e+000
  4.8291831e+000  5.7819393e+000
  1.5938396e+000  1.5899793e+000
  3.7451990e+000  6.1192096e-001
  3.8060498e+000  8.7774444e-001
  7.6963355e+000  2.4345973e+000
  6.7544690e+000  2.5353764e+000
  3.9104186e+000  9.6870276e-001
  8.4120792e+000  3.3024832e+000
  2.0510446e+000  8.1725142e+000
  3.7578902e+000  8.7950819e-001
  4.0435162e+000  6.5494125e-001
  3.7245297e+000  6.1455149e+000
  5.0692564e-001  2.4890099e+000
  9.4600180e+000  2.7397253e+000
  4.2194439e+000  5.7891773e+000
  4.8515829e+000  5.5259593e+000
  1.1225452e+000  8.5442612e+000
  2.0551828e+000  2.6121250e+000
  2.2576163e+000  2.0259005e+000
  4.1269389e+000  6.0524040e-001
  1.3166165e+000  1.4878710e+000
  3.6613375e+000  7.7936181e-001
  1.0666226e+000  9.1378873e+000
  1.8299984e+000  2.3488548e+000
  1.1213188e+000  8.2619773e+000
  1.6577422e+000  7.7517495e+000
  3.7978577e+000  1.2712503e+000
  1.9454213e+000  8.1060776e+000
  2.9651872e+000  6.9610777e+000
  2.1446348e+000  2.0061047e+000
  1.5418688e+000  9.3173957e+000
  4.5315349e+000  6.7368592e+000
  3.9787945e+000  1.0306287e+000
  3.5353070e+000  1.1294330e+000
  7.9918561e-001  7.8910225e+000
  2.3977099e+000  4.9858732e+000
  7.2735215e+000  1.5276073e+000
  8.3497646e-001  7.9152680e+000
  1.0012418e+000  7.7879254e+000
  3.9603800e+000  9.0260243e-001
  4.0214670e+000  8.0376597e-001
  2.3767240e+000  7.2493972e+000
  4.0051362e+000  6.0733784e-001
  8.0688304e+000 -4.7466680e-001
  5.0965629e+000  7.3464795e+000
  1.3839907e+000  1.8500855e+000
  4.7367343e+000  5.3964422e+000
  3.9581478e+000  5.0587341e+000
  3.5783751e+000  6.0449135e+000
  2.4704395e+000  8.8396161e+000
  4.0072104e+000  4.1233927e+000
  2.5159390e+000  3.0123836e+000
  3.5912291e+000  6.4619844e+000
  3.8192499e+000  6.2383337e-001
  4.2219380e+000  8.4706886e-001
  8.4899731e+000  2.3338615e+000
  7.7047609e+000  2.3411691e+000
  4.5801433e+000  7.1468994e+000
  4.2005420e+000  2.9361534e-001
  4.2808788e+000  1.1648461e+000
  2.5557386e+000  6.6392802e+000
  3.8305419e+000  9.8756372e-001
  8.2954821e+000  2.3593279e+000
  3.7864088e+000  1.4789372e+000
  1.6670537e+000  8.4966153e+000
  3.9921007e+000  6.0578927e+000
  8.1395747e+000  1.2687105e+000
  4.3161781e+000  6.6235245e+000
  8.0116698e+000  3.8367586e+000
  2.3433758e+000  7.8099513e+000
  4.5030913e+000  5.3533387e+000
  4.4031198e+000  5.4117907e+000
  3.9136058e+000  6.4379183e-001
  3.8617850e+000  5.3270031e+000
  3.1563849e+000  5.2990561e+000
  4.0756952e+000  1.0089308e+000
  9.7115441e+000  8.6249146e-001
  8.3974788e+000  2.5732033e+000
  4.0862968e+000  1.1936394e+000
  3.8819575e+000  1.2124407e+000
  4.0192105e+000  1.3850344e+000
  1.8918782e+000  6.9307674e+000
  1.9075314e+000  7.3223316e+000
  8.1003973e+000  3.2315782e+000
  6.6358342e+000  1.8476105e+000
  3.9199237e+000  5.4525921e+000
  4.1173080e+000  6.8030484e+000
  2.2291395e+000  2.6038343e+000
  3.6756411e+000  6.2202348e+000
