# Zbior danych zawiera N=1000 punktow opisanych przez d=3 cechy numeryczne,
# tzn. kazdy punkt danych jest punktem w przestrzeni 3D. W zbiorze danych
# jest K=5 grup danych (kazda grupa danych ma inna charakterystyke
# statystyczna). Kolejne punkty danych sa opisane w kolejnych wierszach pliku
# wejsciowego (przez d=3 liczb rzeczywistych). Program grupujacy powinien na
# wyjsciu wypisywac w kolejnych wierszach numer grupy (z zakresu 1..K)
# kolejnych punktow danych (w kolejnosci odpowiadajacej opisowi punktow
# danych w pliku wejsciowym). Parametry N, d, K powinny byc parametrami
# uruchomienia programu grupujacego.

  2.1914190e+000  7.0339505e-001  3.9954570e+000
  4.2375021e+000  4.6441921e+000  3.5140760e+000
  2.5240691e+000  1.1752217e+000  2.9795239e+000
  3.6871231e+000  3.5946568e+000  4.6311490e+000
  3.3067261e+000  3.5753759e+000  1.0926752e+000
  9.2906509e+000  6.7752019e+000  3.6903566e+000
  1.6355928e+000  4.6466011e-001  3.8068290e+000
  2.3680558e+000  2.4323368e+000  2.3616331e+000
  3.3926058e+000  4.1260870e+000  3.0058438e+000
  8.3594212e+000  6.3472678e+000  4.4373977e+000
  1.7563153e+000  1.3684629e+000  3.0449646e+000
  2.0546721e+000  1.1241578e+000  4.2004402e+000
  4.0438342e+000  4.3425187e+000  3.4400047e+000
  4.1614185e+000  4.5193116e+000  2.4469873e+000
  4.0825331e+000  4.8944001e+000  2.3272701e+000
  4.1642770e+000  4.2153519e+000  1.8584410e+000
  2.2969467e+000  1.0769639e+000  3.9535756e+000
  3.0946607e+000  4.0512303e+000  2.4869635e+000
  2.3124191e+000  8.4587769e-001  4.2424775e+000
  1.5105076e+000  8.1175140e-001  3.8829478e+000
  4.0586458e+000  4.4048748e+000  1.9906408e+000
  7.3496820e+000  6.2627601e+000  1.0671102e+000
  1.6919195e+000  2.2199864e+000  2.0761409e+000
  4.5889339e+000  4.5062450e+000  4.1318029e+000
  1.7550282e+000  5.3072784e-001  4.0807989e+000
  3.8099930e+000  4.3092457e+000  2.6428890e+000
  1.6692470e+000  1.2329731e+000  3.8648229e+000
  6.7537354e-001  3.5173638e+000  1.1525615e+000
  4.4270337e+000  3.8865140e+000  3.6357768e+000
  3.8010957e+000  3.4293503e+000  1.9395488e+000
  8.3615079e+000  5.3457347e+000  4.3956788e+000
  7.0888949e+000  5.1250235e+000  1.7448757e+000
  3.8085085e+000  4.0377242e+000  3.6958760e+000
  3.8688749e+000  4.4959275e+000  3.7288387e+000
  4.2109769e+000  3.6087111e+000  1.7043088e+000
  2.3980713e+000  1.5294897e+000  4.0921038e+000
  2.1090313e+000  2.0542227e+000  1.6432260e+000
  7.0778693e+000  6.8825352e+000  3.9983749e+000
  7.8799090e+000  6.2308462e+000  5.4571563e+000
  3.6570499e+000  4.2191647e+000  4.9280883e+000
  7.2777543e+000  6.4343737e+000  4.5559594e+000
  2.7317684e+000  1.8390929e+000  2.5797994e+000
  4.0787568e+000  4.5647498e+000  2.3668049e+000
  2.5001778e+000  1.0023955e+000  3.6116825e+000
  2.0124398e+000  9.2140791e-001  4.1479144e+000
  8.4626072e+000  7.6923298e+000  4.4871770e+000
  7.6076835e+000  6.2806326e+000  3.6079645e+000
  4.5426240e+000  3.9761905e+000  3.1916442e+000
  1.5905727e+000  1.2852098e+000  3.4856552e+000
  1.8072423e+000  1.3036537e+000  3.6830379e+000
  7.7457212e+000  5.6796567e+000  3.9934448e+000
  2.2771660e+000  7.0730167e-001  3.8423410e+000
  6.9857375e+000  4.8726415e+000  3.5820462e+000
  2.2686337e+000  9.5162831e-001  4.4329386e+000
  2.4526345e+000  5.0036169e-001  3.9968850e+000
  2.0543961e+000  4.0839193e-001  3.9490941e+000
  2.0339726e+000  2.4098325e+000  2.9739554e+000
  4.2605427e+000  3.9624993e+000  2.5637655e+000
  9.1640290e+000  4.5724672e+000  3.5350038e+000
  8.8242077e-001  2.7399665e+000  1.8280005e+000
  7.6278143e+000  5.8355304e+000  4.3849073e+000
  4.6741095e+000  3.5837744e+000  1.5415828e+000
  1.8242391e+000  7.5899920e-001  4.1065436e+000
  4.1967170e+000  4.1679896e+000  3.0772030e+000
  5.0684429e+000  3.8422623e+000  3.7660805e+000
  2.7742591e+000  1.7906596e+000  8.5823212e-001
  2.3037738e+000  1.1114535e+000  4.2451293e+000
  4.1458694e+000  3.7741099e+000  4.5397319e+000
  3.9269202e+000  4.1864740e+000  3.6624396e+000
  8.9265579e+000  5.2540033e+000  2.4780742e+000
  4.0190342e+000  3.3649493e+000  2.1276694e+000
  1.9807783e+000  1.3315878e+000  3.8655307e+000
  1.1757863e+000  2.3869555e+000  1.7367683e+000
  1.3445171e+000  7.8224930e-001  4.0742378e+000
  3.9789233e+000  3.5814359e+000  1.7138690e+000
  3.8587236e+000  4.2588659e+000  3.7850691e+000
  4.3094590e+000  3.8157893e+000  2.1827270e+000
  4.6933433e+000  4.4440946e+000  1.2931918e+000
  1.3866802e+000  7.3960171e-001  4.3555280e+000
  3.8466977e+000  4.4320880e+000  2.2397955e+000
  3.5967977e+000  4.0388621e+000  2.3683601e+000
  1.5945238e+000  1.5418452e+000  1.8789572e+000
  7.5375038e+000  4.9014152e+000  5.4782961e+000
  1.2114073e+000  1.6191817e+000  1.8236638e+000
  2.4014912e+000  1.4497986e+000  4.0342129e+000
  4.1716615e+000  3.2986748e+000  3.6787037e+000
  2.9182269e+000  2.9499637e+000  1.9778073e+000
  2.9113446e+000  1.8752174e+000  1.3678559e+000
  1.4503365e+000  2.2783626e+000  1.5666960e+000
  7.2435065e+000  5.6596819e+000  4.3525232e+000
  8.4975082e+000  5.2384108e+000  4.2541152e+000
  4.0578931e+000  3.7520163e+000  3.1455631e+000
  2.4978367e+000  2.2837401e+000  1.9202764e+000
  4.9452347e+000  3.5135819e+000  3.9214252e+000
  5.0743957e+000  3.9983885e+000  4.0984506e+000
  7.9687731e+000  5.8232170e+000  3.2980609e+000
  1.0248078e+000  2.6701752e+000  1.4778520e+000
  3.8508452e+000  4.1795298e+000  2.0423321e+000
  4.2855742e+000  4.1748206e+000  2.3234992e+000
  3.9430278e+000  4.4746212e+000  3.8576244e+000
  4.2454090e+000  3.2987604e+000  4.7977238e+000
  9.3120746e+000  5.4941056e+000  4.1516394e+000
  1.9694076e+000  1.9950988e+000  1.0441006e+000
  4.0665558e+000  3.8512869e+000  4.3117764e+000
  3.8349262e+000  3.4672106e+000  1.3808907e+000
  1.8095117e+000  1.3798521e+000  3.9553309e+000
  3.1332620e+000  3.7023238e+000  3.5295296e+000
  4.4021933e+000  4.4494193e+000  1.9462035e+000
  1.9688082e+000  1.0172622e+000  3.5877309e+000
  6.9178797e+000  5.3797073e+000  3.7080217e+000
  2.3047980e+000  6.3234892e-001  4.0360101e+000
  4.9985254e+000  4.3955560e+000  2.5584301e+000
  3.9757220e+000  4.0150678e+000  2.8772243e+000
  3.8198382e+000  4.4041633e+000  2.3596938e+000
  1.3062812e+000  1.0461616e+000  3.9310162e+000
  2.6578353e+000  3.0499580e+000  2.2036984e+000
  1.9274215e+000  3.3405500e+000  1.3721086e+000
  8.8425397e-001  1.2771380e+000  2.5223131e+000
  4.1939649e+000  3.6090171e+000  2.0952036e+000
  1.9597982e+000  9.3634211e-001  3.9181439e+000
  5.1643234e+000  3.3648650e+000  4.8554893e+000
  1.9520440e+000  1.2517324e+000  4.5961682e+000
  2.1056851e+000  6.4230592e-001  4.4196783e+000
  2.1306994e+000  2.2719730e+000  2.2323436e+000
  3.1445595e+000  1.9553038e+000  2.1342312e+000
  9.4246889e+000  5.8723823e+000  4.6039479e+000
  2.9804212e+000  3.2624501e+000  1.3079005e+000
  3.7931051e+000  3.9095316e+000  1.3778772e+000
  4.4022301e+000  3.8811338e+000  4.3723710e+000
  3.2585594e+000  3.9560571e+000  2.0542706e+000
  2.2325880e+000  1.4930625e+000  4.0108394e+000
  1.7323773e+000  1.9751141e+000  3.2936672e+000
  1.1882660e+000  2.4480442e+000  2.4233977e+000
  3.5086398e+000  4.8939303e+000  1.5098355e+000
  4.4043877e+000  3.7336052e+000  2.2834295e+000
  7.7202700e+000  4.0378266e+000  4.5259904e+000
  3.2090841e+000  4.1264738e+000  4.4683427e+000
  2.0429686e+000  1.1807838e+000  4.1228958e+000
  2.6948272e+000  5.0015805e+000  3.7029250e+000
  4.7114322e+000  3.6790843e+000  1.8859898e+000
  1.4196795e+000  9.6432640e-001  4.0020098e+000
  4.8303280e+000  5.0343175e+000  4.7039097e+000
  7.6927141e-001  2.3809468e+000  1.8094915e+000
  3.1942816e+000  4.0255051e+000  4.4674626e+000
  3.4438417e+000  3.0196575e+000  2.5489228e+000
  1.5992185e+000  1.0844850e+000  4.1447488e+000
  2.2901269e+000  2.7078077e+000  1.3520967e+000
  8.8446207e+000  5.1866321e+000  5.5367835e+000
  2.0188149e+000  2.3765040e+000  1.7474031e+000
  1.6431624e+000  4.9637034e-001  3.9443515e+000
  2.9956177e+000  3.3726967e+000  1.6858028e+000
  2.1409725e+000  8.3492602e-001  4.1634895e+000
  3.9975588e+000  4.4035955e+000  1.1440927e+000
  1.6379676e+000  1.3125419e+000  2.1871141e+000
  3.8350266e+000  3.5862505e+000  3.8236191e+000
  9.0125084e+000  6.4531489e+000  3.4735314e+000
  4.0107779e+000  4.4186241e+000  2.2873284e+000
  3.7551819e+000  4.2972514e+000  1.6825484e+000
  4.5745175e+000  4.2568151e+000  3.6327475e+000
  2.2901018e+000  1.0712834e+000  1.7875768e+000
  3.0053360e+000  3.2273936e+000  4.4201002e+000
  1.8223913e+000  9.3985855e-001  3.7268454e+000
  7.5546452e+000  4.9982014e+000  3.1239502e+000
  2.4329476e+000  1.9984456e+000  2.6586258e+000
  8.9469640e+000  5.5310929e+000  4.6689949e+000
  3.8627743e+000  3.3466875e+000  3.3027609e+000
  6.9535309e+000  7.0531671e+000  4.9174449e+000
  2.0750225e+000  1.0859189e+000  4.3079163e+000
  4.2745648e+000  4.6339977e+000  1.6206128e+000
  6.9015630e+000  7.0054585e+000  5.1045986e+000
  9.1034079e+000  5.0022645e+000  1.6928020e+000
  2.0716672e+000  1.3619179e+000  3.9058791e+000
  3.8218233e+000  4.0757876e+000  4.2639190e+000
  3.5548963e+000  4.7967323e+000  4.5160039e+000
  8.1166729e+000  6.5437017e+000  4.4932899e+000
  9.3865873e+000  6.0275233e+000  4.1651014e+000
  3.7158952e+000  3.8345222e+000  3.3828491e+000
  1.9693366e+000  2.8507454e+000  1.4623400e+000
  4.6695856e+000  3.6014513e+000  2.1505421e+000
  2.3692160e+000  9.0695412e-001  3.7126166e+000
  4.0315618e+000  3.3677353e+000  1.8617208e+000
  2.1288476e+000  1.0776434e+000  4.3893730e+000
  7.8715161e+000  5.7586649e+000  4.1896170e+000
  1.1502549e+000  1.3739589e+000  2.4748074e+000
  4.3110089e+000  3.1049521e+000  4.4446746e+000
  2.3959191e+000  1.0062805e+000  3.9681109e+000
  1.9006274e+000  4.9336817e-001  2.1592865e+000
  4.7440386e+000  3.9243898e+000  1.9260343e+000
  1.9977917e+000  6.4714464e-001  3.8154597e+000
  2.9697243e+000  2.2520142e+000  1.6767470e+000
  3.0305083e+000  2.7182550e+000  2.2602154e+000
  3.3865201e+000  4.5678890e+000  2.7445124e+000
  7.5645931e+000  5.1391688e+000  3.1867709e+000
  1.1087825e+000  2.8301368e+000  1.3990069e+000
  5.3771035e+000  3.9778267e+000  3.2485797e+000
  3.9870767e+000  3.4036806e+000  3.0659987e+000
  4.0167503e+000  4.1334856e+000  4.1586757e+000
  4.5617504e+000  3.5823790e+000  4.2666902e+000
  4.4372444e+000  4.4826568e+000  4.2090028e+000
  2.0802911e+000  8.4923105e-001  4.4690375e+000
  8.2298802e+000  5.1917236e+000  4.5102285e+000
  3.8884338e+000  4.2311236e+000  2.2653429e+000
  7.0860709e+000  6.8285597e+000  5.6875387e+000
  3.7035168e+000  3.6637898e+000  3.7195718e+000
  1.9711980e+000  2.0513175e+000  1.9840811e+000
  8.1389452e+000  6.2974146e+000  4.0494223e+000
  8.1921910e+000  5.4169382e+000  4.2488823e+000
  1.8213335e+000  8.3763052e-001  3.8672990e+000
  4.2919561e+000  3.2108085e+000  2.3672374e+000
  8.5272739e+000  5.5729583e+000  3.9451003e+000
  2.0584371e+000  7.8470778e-001  4.4165877e+000
  8.5325567e+000  5.2068503e+000  5.2819193e+000
  2.9504480e+000 -1.0712451e-002  1.6062090e+000
  1.5590385e+000  1.1301510e+000  3.9789459e+000
  3.7761963e+000  3.0028614e+000  3.3509277e+000
  2.2025649e+000  1.6654802e+000  2.1152710e+000
  7.0066293e+000  6.3768849e+000  4.4655446e+000
  7.6915329e+000  7.8222830e+000  6.4115057e+000
  4.0328345e+000  3.7234042e+000  3.5992377e+000
  3.2922526e+000  2.6047197e+000  2.2691433e+000
  6.9777065e+000  7.9917667e+000  3.3347443e+000
  7.4751362e+000  4.9074287e+000  3.7071327e+000
  3.9355879e+000  4.6963819e+000  4.5679900e+000
  8.1122294e+000  6.5466121e+000  4.5471432e+000
  2.3183052e+000  1.0537551e+000  1.7396976e+000
  4.2786814e+000  4.2589665e+000  2.8110995e+000
  3.6338039e+000  4.4560107e+000  2.1835080e+000
  1.9723568e+000  6.7948473e-001  3.6305501e+000
  4.0083433e+000  4.1518612e+000  3.7546152e+000
  3.9555235e+000  3.8127929e+000  4.4466567e+000
  1.0123068e+001  7.7550363e+000  3.7657384e+000
  3.7623726e+000  4.5262860e+000  5.0195782e+000
  1.9311935e+000  1.7690523e+000  1.5951554e+000
  7.4802811e+000  7.4387743e+000  5.4238753e+000
  1.8812457e+000  1.2233346e+000  4.1653107e+000
  8.2773376e+000  8.1165308e+000  4.8274510e+000
  7.1767377e+000  6.3468388e+000  3.6863590e+000
  3.3905391e+000  4.3864742e+000  4.1873978e+000
  3.0259325e+000  1.7427790e+000  3.3184465e+000
  7.4319498e+000  6.8214140e+000  4.3295043e+000
  2.4540020e+000  2.5639077e+000  2.6522748e+000
  2.0640071e+000  8.1802867e-001  4.1414162e+000
  1.9566755e+000  9.8220375e-001  4.4212478e+000
  7.3247830e+000  6.0013257e+000  4.1496953e+000
  7.8727551e+000  4.9401561e+000  3.7703622e+000
  4.0995607e+000  4.1677869e+000  5.0513869e+000
  4.0153153e+000  3.8912722e+000  3.4208420e+000
  8.8979143e+000  7.0461581e+000  3.8364035e+000
  4.1082420e+000  4.1123403e+000  3.7591623e+000
  3.6981830e+000  3.4609687e+000  1.9432873e+000
  3.3940633e+000  4.1200757e+000  3.6415235e+000
  4.6839103e+000  3.7098376e+000  2.7699403e+000
  3.9183489e+000  3.7079151e+000  3.3687426e+000
  3.2662426e+000  3.7397197e+000  3.8256655e+000
  3.9808870e+000  4.2510393e+000  1.7384366e+000
  7.5727639e+000  6.4260968e+000  3.5886888e+000
  1.6104006e+000  3.0127690e+000  2.4223933e+000
  3.5932904e+000  4.1754820e+000  1.3688630e+000
  3.6624797e+000  3.9518613e+000  4.2798002e+000
  3.9374022e+000  3.1304361e+000  4.4122772e+000
  2.2004393e+000  2.4102463e+000  1.7038131e+000
  3.9567289e+000  4.3208970e+000  3.7788897e+000
  4.4426499e+000  3.3598710e+000  2.4786867e+000
  2.4986383e+000  2.2663535e+000  1.4394474e+000
  4.3822070e+000  4.2194791e+000  3.6882564e+000
  2.3069168e+000  1.1607235e+000  3.9763956e+000
  1.6217749e+000  4.5648364e-001  6.3054397e-001
  1.9440887e+000  1.5201416e+000  3.9117042e+000
  2.8072063e+000  1.5891103e+000  1.2823150e+000
  1.7976243e+000  9.0031235e-001  4.0171300e+000
  7.8595311e+000  7.0728842e+000  4.4958321e+000
  1.7740136e+000  9.1819650e-001  3.9682455e+000
  8.2490320e+000  6.0312902e+000  3.9826227e+000
  8.6025689e+000  5.4500616e+000  2.8766259e+000
  4.0638582e+000  4.0813453e+000  2.3422568e+000
  8.6416937e+000  4.0149763e+000  4.4563604e+000
  9.9214777e+000  4.8741123e+000  4.4112328e+000
  3.5486213e+000  4.1481193e+000  4.4891238e+000
  2.3613046e+000  9.7577009e-001  4.3659891e+000
  2.3542911e+000  6.9664890e-001  3.9976446e+000
  1.9168661e+000  9.3099973e-001  3.9569953e+000
  2.2951911e+000  9.1779917e-001  3.5114958e+000
  1.9947944e+000  1.1559504e+000  3.5872898e+000
  3.6553336e+000  4.3423521e+000  4.1409208e+000
  3.8023575e+000  3.6978171e+000  1.3173875e+000
  2.3457584e+000  1.8638511e+000  2.0220994e+000
  2.1148443e+000  6.6215798e-001  4.2785292e+000
  2.2265441e+000  7.6713940e-001  3.6559869e+000
  1.4047073e+000  1.9585554e+000  2.4391357e+000
  3.2413279e+000  3.7954656e+000  2.0464890e+000
  3.0450591e+000  1.1382145e+000  1.2387443e+000
  4.8679407e+000  3.6061745e+000  2.0865456e+000
  2.1322492e+000  1.1041579e+000  3.8533880e+000
  7.0543893e+000  6.3259976e+000  3.5579944e+000
  8.3037248e+000  4.7673092e+000  6.3301571e+000
  3.8563166e+000  3.6367883e+000  4.0934632e+000
  1.7158841e+000  1.1094896e+000  3.7292663e+000
  2.0414998e+000  2.4647296e+000  1.9487361e+000
  7.2018809e+000  5.7608016e+000  3.4939696e+000
  2.0258143e+000  9.6811738e-001  1.1974016e+000
  4.6754101e+000  3.8041370e+000  2.0849919e+000
  7.0096464e+000  6.3097311e+000  4.7859455e+000
  4.3136397e+000  4.0015467e+000  1.7188532e+000
  2.2318276e+000  1.1765821e+000  3.9901833e+000
  2.4041654e+000  1.1794090e+000  3.7742193e+000
  4.5503297e+000  4.1591534e+000  1.8784103e+000
  2.8187861e+000  1.0891730e+000  1.5615026e+000
  9.4135704e+000  7.2129349e+000  4.3665211e+000
  7.9246065e+000  6.0634833e+000  2.3946014e+000
  7.1783113e+000  5.6907909e+000  2.5498833e+000
  2.0839090e+000  4.1421091e-001  4.0259193e+000
  1.8515420e+000  2.6189436e+000  2.0574793e+000
  7.9426665e+000  9.1330934e+000  3.4073748e+000
  3.6762205e+000  3.6053740e+000  4.2039166e+000
  2.3534447e+000  4.3420520e+000  3.8292509e+000
  1.9622432e+000  1.5434563e+000  1.6320241e+000
  7.9622883e+000  5.2067183e+000  4.2226738e+000
  8.2344003e+000  6.0456165e+000  5.1669305e+000
  3.9359893e+000  3.7989012e+000  3.4973901e+000
  1.9909992e+000  7.6373888e-001  4.0093276e+000
  4.1887185e+000  3.7804241e+000  3.8319799e+000
  1.9878495e+000  9.8984443e-001  4.5988094e+000
  1.8585593e+000  1.2935902e+000  4.0334191e+000
  3.8292234e+000  3.6924419e+000  2.1287073e+000
  4.3706313e+000  3.7012137e+000  2.4268318e+000
  1.9974671e+000  9.3853793e-001  4.2138562e+000
  2.3553657e+000  1.0290213e+000  4.0910627e+000
  2.2371942e+000  8.4454411e-001  4.0792523e+000
  2.1481576e+000  1.1778997e+000  4.2880936e+000
  1.8249753e+000  1.0009899e+000  4.0865316e+000
  4.7654860e+000  4.3274123e+000  4.3821985e+000
  3.8026930e+000  4.0495822e+000  3.6537578e+000
  3.6275984e+000  4.7029977e+000  3.8000079e+000
  1.3950074e+000  2.8671452e+000  2.8918186e+000
  3.4595373e+000  3.2539757e+000  4.0056348e+000
  7.4999724e+000  6.8371545e+000  4.7549323e+000
  2.3625916e+000  2.1967021e+000  2.0504925e+000
  7.9136734e+000  4.4423481e+000  1.7702334e+000
  3.7522449e+000  4.0148450e+000  3.6420870e+000
  7.0558923e+000  5.9297649e+000  5.7172574e+000
  7.1590024e+000  4.6329258e+000  4.7572738e+000
  2.0075807e+000  6.6467019e-001  3.9398472e+000
  4.0264312e+000  3.4033137e+000  2.7882464e+000
  8.0342678e+000  5.3298152e+000  3.4878987e+000
  2.7591340e+000  6.3627609e-001  1.4453781e+000
  3.1822406e+000  4.5156780e+000  8.4875270e-001
  2.6939019e+000  1.0029716e+000  3.2160217e+000
  7.9297928e+000  5.4939423e+000  4.1469983e+000
  4.4265145e+000  3.8567635e+000  4.7633109e+000
  4.0676405e+000  4.4168294e+000  8.2292240e-001
  7.7777977e+000  5.4407020e+000  5.5486069e+000
  3.9664919e+000  4.2546273e+000  4.3522378e+000
  8.2242506e+000  5.5231084e+000  2.0386904e+000
  1.9536942e+000  1.8652835e+000  1.7718268e+000
  2.5330866e+000  2.2286475e+000  2.2954228e+000
  7.1917323e+000  7.2456270e+000  3.8606364e+000
  2.6086457e+000  2.0285031e+000  6.8757188e-001
  1.8409657e+000  2.7943836e+000  1.5923583e+000
  2.2601584e+000  8.2981389e-001  4.2502649e+000
  4.9378714e+000  3.6381303e+000  2.2478869e+000
  1.9955161e+000  1.0074339e+000  4.1063051e+000
  2.1811632e+000  7.5959323e-001  4.1677804e+000
  7.2057894e+000  7.1173038e+000  4.3179212e+000
  7.7827611e+000  6.1096989e+000  4.3458954e+000
  7.0493489e+000  6.1784364e+000  3.3108647e+000
  3.9975476e+000  3.9321120e+000  1.7627702e+000
  1.6642211e+000  1.0523547e+000  4.0451937e+000
  2.0011257e+000  1.7263290e+000  4.0825465e+000
  1.9193527e+000  8.7471826e-001  4.1372600e+000
  8.1589269e+000  8.3604654e+000  5.1768598e+000
  4.5226575e+000  3.3764521e+000  4.0626982e+000
  3.8529846e+000  3.6506394e+000  4.1341626e+000
  1.8927937e+000  5.3295296e-001  3.8296260e+000
  2.0878470e+000  8.3320090e-001  3.8375731e+000
  8.0503363e+000  6.2856858e+000  3.6600098e+000
  3.7255028e+000  4.3069185e+000  1.0837660e+000
  3.9809614e+000  3.3890294e+000  4.2205729e+000
  8.0404285e+000  6.0975071e+000  4.1272977e+000
  3.5763322e+000  3.6675486e+000  5.1797549e+000
  2.1029205e+000  8.3411312e-001  3.6893563e+000
  3.4993557e+000  4.0350786e+000  1.7771232e+000
  3.6549013e+000  3.7471268e+000  1.5364076e+000
  2.5568627e+000  3.5394080e+000  3.4193055e+000
  1.5045262e+000  1.1829909e+000  2.5995545e+000
  4.2597156e+000  4.3626045e+000  2.1601497e+000
  3.4246049e+000  4.6790764e+000  1.2632655e+000
  2.3250872e+000  8.1754596e-001  4.1048588e+000
  4.2368185e+000  4.2232022e+000  3.7832665e+000
  2.0918993e+000  7.1324085e-001  4.1547047e+000
  4.6096737e+000  3.4735970e+000  1.5428841e+000
  4.4581047e+000  4.5833554e+000  2.4073498e+000
  3.8153391e+000  3.2913399e+000  1.5585118e+000
  4.2226248e+000  4.2360471e+000  3.8957910e+000
  1.7912033e+000  3.1986823e-001  3.9554525e+000
  4.0482249e+000  3.7138033e+000  1.5651845e+000
  4.0295476e+000  4.2935913e+000  1.7927537e+000
  7.2573950e+000  5.6109005e+000  3.8309164e+000
  2.1479893e+000  5.8057540e-001  3.7718414e+000
  8.7479764e+000  7.9479816e+000  4.8973161e+000
  7.3508443e+000  6.0090094e+000  5.4948423e+000
  4.1360578e+000  3.8192714e+000  3.1624359e+000
  2.5210799e+000  2.7387575e+000  1.0528399e+000
  4.5454513e+000  4.2392508e+000  4.2407896e+000
  3.9764580e+000  4.3627563e+000  2.5952887e+000
  1.9828035e+000  9.4289260e-001  3.8948504e+000
  3.8913204e+000  4.3129183e+000  3.5900834e+000
  1.6305301e+000  1.6372184e+000  1.2293121e+000
  4.5745826e+000  3.9639439e+000  1.6413085e+000
  2.3039225e+000  6.9217541e-001  4.0831890e+000
  9.3288138e+000  5.6812116e+000  5.0468939e+000
  2.5126133e+000  2.4684238e+000  3.0493542e+000
  2.0037848e+000  8.7369605e-001  4.0564561e+000
  8.2863209e+000  5.4430198e+000  6.2377441e+000
  4.1528949e+000  4.9273506e+000  2.0864363e+000
  4.1646356e+000  4.0893987e+000  1.9106134e+000
  3.4910978e+000  3.9993564e+000  2.4565990e+000
  3.2152508e+000  2.9250004e+000  1.8410392e+000
  8.4041727e+000  6.0979888e+000  3.8571654e+000
  7.6137400e+000  7.5575850e+000  4.7301552e+000
  8.8955384e+000  5.0278617e+000  6.3568053e+000
  1.8673359e+000  9.6150823e-001  3.8572861e+000
  2.0267405e+000  1.0624044e+000  4.0274758e+000
  2.1123195e+000  9.1009224e-001  3.6545064e+000
  2.0548042e+000  1.1430131e+000  3.9409317e+000
  2.1704704e+000  3.7101182e+000  1.0417451e+000
  3.4867670e+000  3.7083918e+000  2.3618025e+000
  4.0587339e+000  4.0030415e+000  2.3963572e+000
  8.3114031e+000  6.6166788e+000  5.3566966e+000
  3.7654124e+000  3.7874196e+000  4.1348604e+000
  1.3009342e+000  2.3210160e+000  3.2059321e+000
  4.8622667e+000  3.9956827e+000  2.5630987e+000
  2.0836599e+000  1.0058990e+000  4.1633244e+000
  1.1726433e+000  1.1918170e+000  2.3357049e+000
  2.7331289e+000  1.9071395e+000  2.5977140e+000
  3.5631720e+000  3.7644919e+000  1.6814026e+000
  6.6380112e+000  7.3590669e+000  5.2967655e+000
  2.7489514e+000  2.3268476e+000  2.0493219e+000
  7.1116040e+000  7.5018584e+000  2.4778301e+000
  3.2512949e+000  2.7704810e+000  3.6958111e+000
  3.2600601e+000  3.5660092e+000  1.7723042e+000
  3.7237262e+000  3.9726551e+000  1.4876922e+000
  2.2440908e+000  3.4602805e+000  2.9589384e+000
  9.4039515e-001  1.9138928e+000  2.4643596e+000
  3.8984061e+000  4.0878859e+000  2.8578481e+000
  2.6429412e+000  2.6750225e+000  1.9860896e+000
  2.1721649e-001  1.2701051e+000  2.3687645e+000
  1.1431125e+000  3.6917634e-001  2.3155434e+000
  1.6483008e+000  1.6829209e+000  1.5640545e+000
  8.0162628e+000  5.4878623e+000  3.8772912e+000
  4.5813028e+000  3.8952969e+000  1.7844403e+000
  1.9036178e+000  1.9295419e+000  1.5076887e+000
  8.5446053e+000  7.4199077e+000  2.7663516e+000
  4.1516387e+000  4.4569712e+000  1.9029502e+000
  4.9874003e+000  4.2807854e+000  3.7748108e+000
  4.0055525e+000  3.6659320e+000  3.0684805e+000
  4.0771772e+000  4.5530823e+000  3.6871308e+000
  8.2945555e+000  5.6216322e+000  5.9222634e+000
  1.6810492e+000  2.1430382e+000  3.7674236e+000
  3.6345762e+000  5.2146826e+000  1.8349621e+000
  2.6744315e+000  4.2218437e+000  1.9723118e+000
  4.0293921e+000  3.6204573e+000  2.1288348e+000
  3.5392569e+000  3.2403104e+000  4.3037478e+000
  1.0527537e+001  5.7296763e+000  2.2954082e+000
  4.2925490e+000  4.0617831e+000  2.1056574e+000
  2.9167711e+000  2.6558336e+000  4.9734871e-001
  2.1188325e+000  8.1535700e-001  4.3065601e+000
  4.0087614e+000  4.8541790e+000  7.5246807e-001
  3.8011202e+000  4.5208392e+000  4.0425670e+000
  1.7539657e+000  1.1547455e+000  4.5405460e+000
  1.0744727e+000  2.4976493e+000  2.0448316e+000
  2.0830855e+000  1.4122377e+000  4.0501459e+000
  6.9492815e+000  6.5656618e+000  3.0267449e+000
  3.6904071e+000  4.2168554e+000  3.5104464e+000
  3.2513754e+000  3.7459940e+000  3.4133466e+000
  4.9894498e+000  4.0049302e+000  3.5302668e+000
  3.7654057e+000  2.9957537e+000  1.6646835e+000
  2.0595485e+000  9.8196237e-001  4.0015135e+000
  4.7546641e+000  3.3128636e+000  1.1261916e+000
  1.8429517e+000  8.7052848e-001  3.7426681e+000
  7.1715043e+000  6.3246260e+000  3.6753181e+000
  1.8992610e+000  2.1966816e+000  2.0376761e+000
  3.6853988e+000  4.6144254e+000  4.0322446e+000
  2.1055987e+000  1.1286720e+000  3.6006794e+000
  1.7958163e+000  1.9609909e+000  1.7207767e+000
  7.9066717e+000  5.0041480e+000  3.7527796e+000
  1.6935409e+000  9.3491620e-001  1.3059096e+000
  4.8036232e+000  4.1591102e+000  2.1347866e+000
  1.4591556e+000  2.3567302e+000  4.0515686e+000
  1.9670065e+000  1.0276791e+000  4.3957140e+000
  1.9799541e+000  8.8398729e-001  4.7344644e+000
  4.4668652e+000  3.0950766e+000  3.0080578e+000
  3.6894021e+000  4.2319623e+000  3.0297706e+000
  3.5558625e+000  3.9685754e+000  2.2822288e+000
  4.5099810e+000  4.1590377e+000  4.5663498e+000
  2.9300936e+000  3.3048197e+000  3.9245250e+000
  7.9206173e+000  6.8923062e+000  3.4890840e+000
  2.2452067e+000  1.5499075e+000  3.8227156e+000
  9.0966269e+000  6.3346327e+000  5.4565632e+000
  6.1868402e+000  5.3100713e+000  1.8545960e+000
  9.3270630e+000  6.8693126e+000  3.7054377e+000
  4.7402879e+000  3.8160782e+000  2.4865239e+000
  2.3045543e+000  1.2240151e+000  2.1270404e+000
  7.3662089e+000  4.6896528e+000  2.1381854e+000
  2.0929170e+000  1.0290586e+000  4.2600060e+000
  3.7225595e+000  4.9041835e+000  4.2105449e+000
  1.7522511e+000  2.8375498e+000  2.7274131e+000
  4.3052549e+000  3.8506539e+000  3.0291286e+000
  4.8860028e+000  4.9034594e+000  4.9812328e+000
  1.8582418e+000  1.2731198e+000  3.8593796e+000
  3.2865145e+000  3.9027732e+000  3.7679639e+000
  2.0260143e+000  1.4315059e+000  4.2201271e+000
  7.1948880e+000  6.6451154e+000  4.4113260e+000
  2.0437293e+000  1.5211591e+000  2.8027312e+000
  3.8277812e+000  3.8766524e+000  2.4277635e+000
  3.8638553e+000  4.3868012e+000  4.1807999e+000
  3.5581515e+000  3.3955229e+000  4.2214304e+000
  2.3765286e+000  1.8133736e+000  3.2903656e+000
  3.5294567e+000  3.5540995e+000  4.2007285e+000
  3.3873591e+000  3.3260211e+000  3.7878232e+000
  3.2133249e+000  4.0462469e+000  5.1389025e+000
  1.6685771e+000  2.7452181e+000  1.1188517e+000
  3.4383655e+000  2.7483786e+000  2.8144062e+000
  1.0604194e+000  1.4678580e+000  2.2271714e+000
  3.9574793e+000  4.3668794e+000  4.5543851e+000
  3.6554562e+000  4.3681774e+000  3.7736444e+000
  3.6715387e+000  3.6300363e+000  4.2293891e+000
  1.8751623e+000  9.0914643e-001  4.0244399e+000
  1.9445880e+000  1.0928463e+000  4.3900191e+000
  4.3920763e+000  3.4965268e+000  4.0105870e+000
  1.9496077e+000  2.8313733e+000  3.1566488e+000
  1.5865852e+000  2.1782311e+000  1.6447155e+000
  3.6516521e+000  4.2224444e+000  1.6538727e+000
  7.9701983e+000  5.6754516e+000  5.0596839e+000
  4.9525960e+000  2.8196027e+000  2.2206585e+000
  7.7818576e+000  5.6400598e+000  3.3605557e+000
  4.2408964e+000  5.1010114e+000  3.4037617e+000
  3.9430461e+000  3.7233748e+000  3.9647395e+000
  2.9799259e+000  4.4204776e+000  3.7325456e+000
  4.6025588e+000  3.5635438e+000  2.3742096e+000
  3.3164320e+000  1.0227930e+000  2.4987933e+000
  1.7424419e+000  1.6112590e+000  1.5858372e+000
  2.2557869e+000  1.0607228e+000  3.9606362e+000
  3.5076280e+000  4.4662198e+000  1.3431279e+000
  1.6357744e+000  6.2743077e-001  4.0684155e+000
  3.8077426e+000  4.2555634e+000  3.7049204e+000
  4.3874792e+000  4.2766277e+000  3.7793830e+000
  9.0578201e+000  3.7153683e+000  4.6354866e+000
  4.0246361e+000  3.7603808e+000  2.8119057e+000
  1.1899036e+000  2.9564329e-001  7.6029085e-001
  8.4330757e+000  5.8289680e+000  2.8071106e+000
  6.8738755e+000  5.0844694e+000  2.9441943e+000
  1.6306252e+000  2.3426184e+000  2.4262042e+000
  4.5512160e+000  3.4496964e+000  1.0777158e+000
  2.5310068e+000  5.0795402e+000  2.1927316e+000
  2.3063906e+000  8.7094518e-001  4.0820878e+000
  7.3555895e+000  4.7731873e+000  3.4846973e+000
  3.6945303e+000  3.8890586e+000  3.2015553e+000
  1.7829427e+000  1.7640543e+000  2.6867644e+000
  4.9573261e+000  4.7568095e+000  2.3074074e+000
  1.9426621e+000  7.7769723e-001  4.1188223e+000
  6.7218094e+000  4.7247321e+000  3.9838178e+000
  1.8204235e+000  1.1629151e+000  4.5757614e+000
  4.1869367e+000  3.6336737e+000  2.2151169e+000
  4.3357986e+000  3.2650617e+000  2.5237361e+000
  3.6747036e+000  4.3706386e+000  2.5679253e+000
  7.9605958e-001  3.4466803e+000  1.7450979e+000
  7.2159684e+000  5.6667743e+000  4.1230290e+000
  3.8796844e+000  3.7849424e+000  3.9133768e+000
  3.8390668e+000  3.7776457e+000  1.8764317e+000
  9.0629973e+000  6.7813690e+000  5.1023927e+000
  4.1383500e+000  3.7617770e+000  2.4534123e+000
  2.2587803e+000  7.8768397e-001  4.0259022e+000
  7.3657272e+000  5.6672950e+000  4.2361220e+000
  8.5484856e+000  7.4718252e+000  4.1069374e+000
  3.9537423e+000  4.1263020e+000  3.1321672e+000
  1.6308095e+000  1.9469448e+000  2.1513803e+000
  9.6940488e+000  6.0241631e+000  5.3305094e+000
  3.2495055e+000  3.4553210e+000  2.1778973e+000
  1.8533517e+000  2.0884473e+000  2.9630681e+000
  8.2324723e+000  7.3256625e+000  3.5849554e+000
  7.3364629e+000  7.1251604e+000  2.8153603e+000
  1.9562213e+000  1.0761356e+000  4.0757469e+000
  8.4433588e+000  6.9080109e+000  2.2037540e+000
  2.6409872e+000  4.3466965e+000  2.4445584e+000
  1.5267597e+000  1.0025733e+000  3.9055841e+000
  9.8113391e+000  6.7270423e+000  4.9105246e+000
  3.5266478e+000  4.3471419e+000  2.9464410e+000
  1.9585391e+000  1.4466133e+000  2.2931460e+000
  7.5123189e+000  7.8345110e+000  4.0679981e+000
  2.7859035e+000  2.5522624e+000  2.4936843e+000
  4.3482252e+000  3.9902392e+000  2.5790601e+000
  7.4685998e+000  5.1946230e+000  3.2297032e+000
  3.6104513e+000  4.6146404e+000  1.6124944e+000
  1.9764571e+000  1.0361643e+000  3.7148078e+000
  9.0144763e+000  5.3111970e+000  3.9807665e+000
  3.8955632e+000  3.8503776e+000  3.5988911e+000
  1.1833729e+000  3.6300983e+000  2.4472765e+000
  4.5470652e+000  3.9376673e+000  2.4786102e+000
  4.2590963e+000  3.4972867e+000  4.5275962e+000
  3.6789758e+000  5.0071643e+000  3.8404493e+000
  1.8879496e+000  9.8841409e-001  3.7776272e+000
  3.6270751e+000  4.6515403e+000  3.2402397e+000
  4.5795418e+000  4.3537276e+000  4.3625892e+000
  4.7307854e+000  4.1167816e+000  3.9004421e+000
  2.3813433e+000  9.5988597e-001  3.4971795e+000
  1.6023826e+000  1.3194253e+000  4.2995108e+000
  1.7221556e+000  8.9039540e-001  3.9996479e+000
  3.1182003e+000  4.5266815e+000  4.2158573e+000
  4.5834146e+000  4.3887628e+000  2.8033507e+000
  4.8725986e+000  4.0621623e+000  3.6580170e+000
  1.9036830e+000  1.8907433e+000  1.3979621e+000
  1.5220309e+000  9.8141442e-001  3.8127972e+000
  3.9626359e+000  4.0369606e+000  3.9549578e+000
  3.6240898e+000  4.6378897e+000  1.7225151e+000
  7.6259858e+000  7.8609511e+000  3.7936243e+000
  3.3663037e+000  4.5040660e+000  1.5732624e+000
  4.0461985e+000  3.5493645e+000  4.5347908e+000
  2.2997775e+000  2.3193419e+000  2.6882184e+000
  1.2331594e+000  1.8716484e+000  1.8238618e-001
  2.2317007e+000  7.9471428e-001  3.8860266e+000
  7.5428599e+000  5.6953341e+000  3.4676000e+000
  2.6279813e+000  1.2824768e+000  2.4025274e+000
  3.5755870e+000  4.9819465e+000  2.1775456e+000
  1.9378539e+000  2.6958976e+000  3.0180364e+000
  2.0308807e+000  1.3688263e+000  7.1909613e-001
  4.2513869e+000  4.2780243e+000  3.4126626e+000
  7.6933918e+000  7.0134719e+000  6.5920068e+000
  8.1719552e+000  4.2699484e+000  4.8320546e+000
  4.4713193e+000  4.3045542e+000  4.0034153e+000
  2.4134590e+000  3.0977591e+000  2.7935366e+000
  2.3732006e+000  1.1751114e+000  3.9014444e+000
  7.6798325e+000  5.6522997e+000  3.9277390e+000
  8.4082835e+000  7.6586593e+000  3.8072254e+000
  3.8860217e+000  3.9246556e+000  3.7367156e+000
  1.6636073e+000  2.9729873e+000  2.4983339e+000
  2.0538278e+000  2.5638627e+000  1.5124480e+000
  1.8951791e+000  1.2425507e+000  1.7289601e+000
  3.6613372e+000  3.4603962e+000  2.5112535e+000
  1.7641034e+000  2.4977624e+000  1.3005585e+000
  3.0587863e+000  3.8527233e+000  1.8733597e+000
  2.0913223e+000  1.0834387e+000  3.7320917e+000
  8.6560097e+000  7.2718425e+000  4.2950528e+000
  8.1597720e+000  4.3367514e+000  4.7947398e+000
  1.7835978e+000  9.5068125e-001  3.7807388e+000
  2.5247911e+000  1.3502709e+000  1.0007038e+000
  8.4473500e+000  6.7970839e+000  3.3797275e+000
  4.1104000e+000  3.4217400e+000  4.6834024e+000
  1.9953373e+000  2.5923329e+000  2.6676651e+000
  2.3646031e+000  2.3777944e+000  2.3398586e+000
  2.1812901e+000  1.0387079e+000  4.4056050e+000
  3.1781835e+000  4.3143682e+000  1.5913533e+000
  2.6509543e+000  2.3025922e+000  2.0176934e+000
  3.8414566e+000  5.8278981e+000  2.2897536e+000
  1.9203062e+000  1.0224648e+000  3.9746658e+000
  2.3423964e+000  7.3367286e-001  4.0713272e+000
  3.9445610e+000  3.4163066e+000  1.8204787e+000
  4.3646748e+000  3.7770475e+000  2.2760669e+000
  4.1349131e+000  4.1829033e+000  2.4636163e+000
  3.9162360e+000  3.3290325e+000  2.2420136e+000
  1.3919793e+000  3.4559217e+000  3.0875800e+000
  8.4766556e+000  7.9209888e+000  5.1139297e+000
  2.0883654e+000  1.1430986e+000  3.9664371e+000
  8.3706014e+000  7.8669116e+000  4.2867436e+000
  1.8148511e+000  2.3410044e+000  9.4931294e-001
  2.2021047e+000  7.7812504e-001  4.0615412e+000
  1.7106268e+000  1.0874053e+000  4.0631168e+000
  2.9632796e+000  2.3796318e+000  2.9014991e+000
  4.9214770e+000  4.4330308e+000  2.4759641e+000
  1.8342564e+000  7.7320671e-001  3.7125845e+000
  3.8572716e+000  3.2998048e+000  4.0866986e+000
  4.4355216e+000  4.0621570e+000  1.9502239e+000
  3.4520153e+000  4.6808000e+000  1.7547496e+000
  2.0905323e+000  3.1931540e+000  2.0659419e+000
  9.8163813e+000  6.3925743e+000  2.3373628e+000
  1.8190764e+000  2.9795896e-001  4.0564263e+000
  1.9156316e+000  1.2472998e+000  3.9519851e+000
  4.4479322e+000  3.5813017e+000  1.5812105e+000
  1.9892889e+000  7.1000616e-001  3.7972202e+000
  3.7470888e+000  3.9930890e+000  2.1363058e+000
  4.0514118e+000  3.4506366e+000  2.0685631e+000
  8.3402468e+000  5.5136982e+000  2.7906206e+000
  2.2747067e+000  1.1235029e+000  4.2438792e+000
  8.3865816e+000  5.6502723e+000  4.7554065e+000
  1.6652617e+000  1.9110367e+000  1.1908215e+000
  3.4937307e+000  2.8251927e+000  2.1524576e+000
  7.8521342e+000  6.3222097e+000  4.1541574e+000
  1.5263233e+000  1.8860392e+000  2.0338448e+000
  3.7596901e+000  3.3088217e+000  4.5769801e+000
  3.7874680e+000  4.0803401e+000  4.3722790e+000
  6.2645159e+000  4.4804092e+000  4.3556819e+000
  3.8183137e+000  4.6151650e+000  2.4784919e+000
  1.1034996e+000  1.8476320e+000  2.3839870e+000
  9.3642861e+000  5.6181956e+000  4.5075903e+000
  6.1832945e-001  3.2846558e+000  9.0174821e-001
  2.3120403e+000  9.0986809e-001  3.6387789e+000
  3.3770034e+000  3.7358962e+000  2.0047335e+000
  3.5420521e+000  4.9105296e+000  1.8046305e+000
  4.3611620e+000  3.9377937e+000  1.9652611e+000
  2.1837295e+000  1.4383233e+000  2.3728806e+000
  1.3009408e+000  2.1736339e+000  2.3167807e+000
  3.1343580e+000  3.1636799e+000  1.6314274e+000
  2.2964666e+000  1.6676182e+000  1.5332767e+000
  4.0338360e+000  4.0888048e+000  4.4037139e+000
  1.6488285e+000  1.0821035e+000  3.9779174e+000
  2.5576064e+000  2.2589235e+000  1.1987273e+000
  3.9450350e+000  2.6949809e+000  1.3829568e+000
  4.1867566e+000  3.5298256e+000  2.5138397e+000
  8.5997467e+000  4.8603992e+000  3.1975859e+000
  7.8740261e+000  5.7818818e+000  4.0307064e+000
  4.2455718e+000  3.5686860e+000  3.4664290e+000
  8.0133496e+000  5.8033012e+000  3.3677595e+000
  9.9395666e+000  4.8631139e+000  4.3488862e+000
  3.6701231e+000  3.7754838e+000  2.1307714e+000
  3.9259445e+000  3.9494292e+000  4.6141475e+000
  7.5492988e+000  5.0397007e+000  4.4058317e+000
  3.9596498e+000  4.3700129e+000  1.9523757e+000
  3.7924074e+000  3.9094063e+000  1.7538293e+000
  3.4156947e+000  1.4595078e-001  1.9177031e+000
  3.6725850e+000  4.4939630e+000  2.4320211e+000
  2.0165991e+000  1.2248215e+000  4.0479194e+000
  3.8811352e+000  4.0914521e+000  4.3919813e+000
  8.3649405e+000  6.2652508e+000  3.7072706e+000
  1.9637641e+000  1.1746005e+000  3.3430529e+000
  3.5659181e+000  4.4755171e+000  3.2058821e+000
  4.3734466e+000  3.6500663e+000  2.5550530e+000
  7.7987651e+000  7.3548324e+000  4.2490634e+000
  3.5906055e+000  4.3827410e+000  3.3649637e+000
  2.4123746e+000  2.3348153e+000  2.1057518e+000
  3.4564567e+000  4.0287814e+000  3.9973145e+000
  2.6439570e+000  2.7062534e+000  1.7052714e+000
  3.9470185e+000  3.6743119e+000  3.3205015e+000
  2.2650590e+000  7.6671869e-001  4.1612220e+000
  1.8839187e+000  1.1600250e+000  3.7995911e+000
  2.6081783e+000  2.3437075e+000  2.0386820e+000
  1.0002942e+001  7.2565858e+000  4.1124265e+000
  3.9771447e+000  4.2296675e+000  3.9780229e+000
  4.1970985e+000  4.1538595e+000  3.2204235e+000
  2.3894619e+000  1.2342143e+000  3.8993802e+000
  2.2128597e+000  7.7183686e-001  4.1317178e+000
  8.3750975e+000  6.1879835e+000  2.7212949e+000
  4.4760984e+000  3.8240848e+000  2.1155958e+000
  3.2386501e+000  1.9364095e+000  2.7891094e+000
  2.5468252e+000  1.8966701e+000  1.5197934e+000
  1.4711586e+000  1.6477054e+000  1.8854113e+000
  3.7743089e+000  4.2344505e+000  4.2066167e+000
  1.8627887e+000  3.1106745e+000  2.4013033e+000
  1.8046281e+000  1.1464547e+000  4.2143348e+000
  1.7779145e+000  1.1053009e+000  1.8418532e+000
  4.1855510e+000  3.6816460e+000  2.1532090e+000
  2.0475236e+000  7.7409737e-001  4.1007904e+000
  2.2455928e+000  1.0240251e+000  3.8651647e+000
  4.4695534e+000  3.1750953e+000  2.3660350e+000
  8.6737738e+000  6.7545181e+000  2.9666050e+000
  7.2197115e+000  6.3494947e+000  2.2695759e+000
  2.8191074e+000  4.1953627e+000  4.0478512e+000
  8.5385651e+000  6.1901766e+000  4.1854602e+000
  2.2254678e+000  3.4568154e+000  1.8591287e+000
  3.7432009e+000  4.2498131e+000  1.4935633e+000
  3.9935320e+000  3.7230250e+000  3.7295224e+000
  3.2470943e+000  4.3017306e+000  1.4786527e+000
  8.7722394e+000  6.9823315e+000  4.8907470e+000
  3.5091260e+000  4.0326427e+000  2.0951579e+000
  6.9848108e+000  5.9559987e+000  4.5598239e+000
  1.9131676e+000  1.0627049e+000  4.1888180e+000
  4.3124199e+000  3.3345538e+000  3.7025324e+000
  8.0868508e+000  7.1793759e+000  5.1517309e+000
  2.0538217e+000  1.1307453e+000  1.5265084e+000
  1.9741384e+000  9.4211305e-001  4.1379478e+000
  1.7885908e+000  9.9522771e-001  3.8978549e+000
  1.7679289e+000  1.1625647e+000  3.9991069e+000
  6.5356770e+000  7.5983120e+000  4.4539258e+000
  1.7556194e+000  2.5095553e+000  3.3825197e+000
  5.3666901e+000  4.7158318e+000  1.2558267e+000
  1.9436072e+000  8.3368218e-001  4.0171125e+000
  2.1845147e+000  1.4504366e+000  2.4391070e+000
  3.8551113e+000  3.6008855e+000  4.2586782e+000
  3.3315442e+000  2.6256923e+000  3.4054925e+000
  4.0162107e+000  4.0128122e+000  3.9470874e+000
  3.8307106e+000  4.8590337e+000  1.4658297e+000
  4.5625273e+000  3.4037339e+000  1.6520184e+000
  1.7975221e+000  1.0656329e+000  4.3169299e+000
  1.6716826e-001  1.6650557e+000  1.3143533e+000
  6.2488775e+000  4.9570308e+000  2.0257980e+000
  2.4255380e+000  8.9904826e-001  4.5389420e+000
  2.5482951e+000  1.9026511e+000  3.0890452e+000
  9.2265122e+000  6.9290705e+000  3.6110634e+000
  4.6217427e+000  3.8715923e+000  1.7980560e+000
  1.0987274e+000  2.9475519e+000  3.3374802e+000
  2.1749966e+000  1.8717410e+000  1.4208911e+000
  1.4540705e+000  2.1140556e+000  2.6861655e+000
  1.1850540e+000  1.9174837e+000  2.1097390e+000
  1.9353549e+000  1.1347186e+000  3.7532071e+000
  3.5113719e+000  3.0584505e+000  4.4134258e+000
  4.2339692e+000  4.5260222e+000  2.6713028e+000
  3.0815715e+000  3.2455471e+000  1.7926818e+000
  2.0181414e+000  2.0922704e+000  2.3697935e+000
  7.2407070e+000  7.1974997e+000  2.3488981e+000
  7.7053962e+000  6.8830056e+000  5.2563347e+000
  1.0364082e+001  4.4799551e+000  2.5847378e+000
  1.8481315e+000  9.9990105e-001  4.2714437e+000
  3.0622836e+000  2.7353192e+000  1.5876630e+000
  8.5181777e+000  7.2673867e+000  3.6496273e+000
  2.1129097e+000  2.8179014e+000  1.9418903e+000
  1.9837763e+000  1.0897008e+000  3.7315756e+000
  2.0044277e+000  1.6552302e+000  4.2088525e+000
  1.6983164e+000  1.6932791e+000  3.9147458e+000
  4.4747420e+000  4.3510524e+000  3.4158830e+000
  3.9098821e+000  4.8779510e+000  3.1638944e+000
  2.2266292e+000  1.7518771e+000  2.2381584e+000
  2.0693569e+000  1.8661283e+000  3.0990062e+000
  2.3057241e+000  1.1562780e+000  3.4855627e+000
  4.5689190e+000  3.9154955e+000  2.9795801e+000
  3.6558652e+000  4.0164133e+000  4.1748393e+000
  3.7556645e+000  3.7848018e+000  4.0337855e+000
  3.9249322e+000  4.4030473e+000  1.2589948e+000
  1.9385230e+000  1.0121471e+000  3.9524101e+000
  3.0285965e+000  3.7334890e+000  3.3640260e+000
  6.8946068e+000  3.9753512e+000  4.0848447e+000
  3.7621248e+000  5.0432339e+000  3.7500271e+000
  3.6318331e+000  4.1414770e+000  3.1185908e+000
  1.8200251e+000  9.5621900e-001  3.8013869e+000
  3.7061267e+000  3.6302742e+000  1.2104240e+000
  1.7757682e+000  2.2508923e+000  1.6555149e+000
  4.8092226e+000  5.0439507e+000  1.9427917e+000
  2.2318167e+000  8.4227431e-001  3.8859462e+000
  1.5188745e+000  1.0399286e+000  4.2283501e+000
  3.5086979e+000  3.4263764e+000  3.8419687e+000
  4.1049838e+000  4.2915520e+000  4.0257047e+000
  6.5313716e+000  7.3184086e+000  4.4202715e+000
  4.2749226e+000  4.4596564e+000  3.8852255e+000
  3.1833198e+000  3.4041062e+000  2.0176966e+000
  4.3819863e+000  2.8983422e+000  4.0416252e+000
  7.8252542e+000  6.4110714e+000  3.8304174e+000
  8.2175995e-001  2.6918208e+000  2.1579789e+000
  4.1861061e+000  4.1043165e+000  4.0897858e+000
  3.6884502e+000  4.7475803e+000  1.8427893e+000
  2.3858983e+000  2.3215828e+000  2.2684517e+000
  8.4624427e+000  4.4041850e+000  3.6938234e+000
  3.3945092e+000  4.9718475e+000  4.2485708e+000
  3.6310913e+000  4.2146387e+000  3.2169558e+000
  3.4765525e+000  2.0288040e+000  1.6711182e+000
  4.0800502e+000  4.5847928e+000  3.9562122e+000
  3.0608503e+000  3.7189259e+000  2.5896287e+000
  2.4679915e+000  1.3164896e+000  3.8850617e+000
  2.5992462e+000  3.5775757e+000  3.0952008e+000
  1.3151336e+000  1.1722368e+000  1.4497951e+000
  3.2834644e+000  3.3559535e+000  3.6147102e+000
  1.6939887e+000  1.0833172e+000  4.3856986e+000
  3.1983798e+000  2.1237530e+000  1.8644594e+000
  1.7512659e+000  2.2085104e+000  7.8043620e-001
  3.5302363e+000  4.1647335e+000  2.7713220e+000
  8.0281410e+000  6.0756777e+000  5.0339772e+000
  3.6556721e+000  4.4740618e+000  3.7406197e+000
  8.2192189e+000  7.0854824e+000  3.4757232e+000
  3.9089523e+000  3.2316979e+000  3.3759402e+000
  8.5890601e+000  7.4436590e+000  4.8504465e+000
  4.5238316e+000  4.2105073e+000  1.6954706e+000
  2.3919386e+000  1.1172754e+000  4.1212870e+000
  1.7103223e+000  8.4817377e-001  4.2265722e+000
  3.1025342e+000  5.1616288e+000  2.9565761e+000
  4.4578274e+000  4.1161910e+000  1.5156557e+000
  2.8603874e+000  1.6221403e+000  2.7687362e+000
  1.7197801e+000  2.6723913e+000  1.6498953e+000
  7.7703273e+000  5.4223265e+000  3.2903326e+000
  3.6498983e+000  4.0666538e+000  4.2249406e+000
  3.9615903e+000  3.8106924e+000  1.2899379e+000
  5.0072544e+000  4.0420280e+000  5.0620816e+000
  3.4534546e+000  2.4187615e+000  1.4629678e+000
  4.1208617e+000  3.5901017e+000  4.6271946e+000
  8.2477505e+000  5.5885897e+000  2.9533002e+000
  4.2192595e+000  3.4206744e+000  3.1105589e+000
  7.5397687e+000  5.7611435e+000  4.0503667e+000
  9.3567566e+000  5.5611185e+000  3.2677435e+000
  1.5116989e+000  5.4908151e-001  4.0742665e+000
  7.9065515e+000  6.1951200e+000  3.2861238e+000
  3.4387831e+000  2.7329824e+000  1.3115361e+000
  4.0106461e+000  3.7032485e+000  4.9493630e+000
  1.9883694e+000  1.3572141e+000  3.8660848e+000
  2.0862686e+000  1.6554335e+000  3.4141330e+000
  4.1382627e+000  3.9434560e+000  3.7288818e+000
  4.4956171e+000  4.0119925e+000  4.2798198e+000
  4.0005293e+000  4.0492837e+000  1.4391997e+000
  8.0745030e+000  7.6033125e+000  3.6941590e+000
  8.1188018e+000  5.8292724e+000  3.9274885e+000
  7.6820857e+000  8.5504601e+000  4.1116823e+000
  1.8664836e+000  8.9435759e-001  3.8880409e+000
  4.5646894e+000  3.7724377e+000  1.5798939e+000
  7.7397149e+000  5.1392442e+000  4.3497423e+000
  2.4432711e+000  1.5266976e+000  2.9792271e+000
  4.8272589e+000  4.7867247e+000  2.4890784e+000
  3.9597695e+000  3.7223425e+000  2.1791927e+000
  2.0060235e+000  1.2527473e+000  3.5958049e+000
  1.9758834e+000  8.6456352e-001  3.2529003e+000
  3.2950752e+000  3.4916401e+000  2.0906040e+000
  3.2078121e+000  3.4740051e+000  3.4996032e+000
  4.5600312e+000  4.0637632e+000  4.3186397e+000
  3.9818586e+000  4.2770176e+000  1.7595291e+000
  1.6102320e+000  3.5869072e+000  1.7879953e+000
  7.4277980e+000  4.5550934e+000  5.3123798e+000
  2.4158134e+000  8.5867128e-001  3.9154001e+000
  3.9687650e+000  4.1306820e+000  1.5712327e+000
  6.8916398e+000  6.6594214e+000  3.3644140e+000
  6.8117612e+000  6.8246001e+000  4.3670148e+000
  3.7883110e+000  1.8746055e+000  1.4892011e+000
  2.2184435e+000  1.3411386e+000  3.9094841e+000
  3.9224806e+000  3.9963333e+000  3.7961570e+000
  4.5305420e+000  4.4424070e+000  4.3810567e+000
  3.3385391e+000  3.6204687e+000  2.5359425e+000
  7.7021045e+000  5.5613269e+000  3.8941776e+000
  4.2284629e+000  4.1543178e+000  9.0323705e-001
  4.0861065e+000  4.8209815e+000  1.8512283e+000
  3.3608191e+000  4.2235714e+000  1.3655963e+000
  3.3715652e+000  3.2071124e+000  3.4096434e+000
  4.6057519e+000  4.9522648e+000  4.5645302e+000
  3.3599331e+000  4.4969012e+000  3.2609822e+000
  4.0204955e+000  3.9768254e+000  1.5028569e+000
  1.8841939e+000  1.2280370e+000  3.3690424e+000
  8.7305481e+000  5.6710070e+000  4.1163535e+000
  4.2777221e+000  3.5020156e+000  3.2710194e+000
  1.7195336e+000  1.1362141e+000  3.8615020e+000
  4.1160278e+000  4.2951716e+000  4.2115725e+000
  3.3856350e+000  4.6875183e+000  1.8467835e+000
  1.9543150e+000  2.8694105e+000  3.3820874e+000
  3.4365583e+000  4.7969418e+000  3.0681211e+000
  2.4226849e+000  9.3319033e-001  4.0538575e+000
  3.7445165e+000  4.4078034e+000  2.1398754e+000
  3.0278179e+000  3.6377347e+000  1.7236287e+000
  3.2150187e+000  1.9756060e+000  2.0561729e+000
  3.4015767e+000  4.4279397e+000  1.7179871e+000
  3.9112375e+000  3.7349325e+000  3.5785982e+000
  7.7322931e+000  6.7741095e+000  3.8676102e+000
  3.7387029e+000  5.2337910e+000  3.6262817e+000
  7.3105930e+000  7.2585458e+000  3.6618889e+000
  4.3636786e+000  4.4754210e+000  3.6391857e+000
  4.0620894e+000  3.4807084e+000  2.2408238e+000
  2.8231836e+000  3.5504621e+000  4.0016532e+000
  2.1432849e+000  1.3164474e+000  4.1378941e+000
  3.4966903e+000  3.7879204e+000  3.8410255e+000
  1.8625035e+000  1.1960449e+000  3.9866486e+000
  9.1787236e+000  6.6204276e+000  4.3911225e+000
  4.1356918e+000  4.6370924e+000  1.7467284e+000
  1.7820804e+000  6.8123596e-001  4.2479410e+000
  3.7275622e+000  3.4491260e+000  2.8790652e+000
  7.9835380e+000  3.8879666e+000  4.2847250e+000
  2.1386663e+000  8.3822508e-001  3.8545347e+000
  8.2780784e+000  5.5372340e+000  3.3549586e+000
  3.7752496e+000  3.8685429e+000  3.7926352e+000
  3.7668374e+000  4.0310328e+000  1.8613264e+000
  4.2829971e+000  4.0774789e+000  2.9885543e+000
  3.8497263e+000  3.5313132e+000  2.3491625e+000
  1.4913693e+000  2.9188494e+000  2.5313283e+000
  2.5848761e+000  2.6140995e+000  1.4462382e+000
  3.9843083e+000  3.5488750e+000  2.8651319e+000
  4.6259483e+000  4.5751385e+000  3.6502111e+000
  1.4266433e+000  1.1847736e+000  2.1215845e+000
  3.4373562e+000  4.1247269e+000  5.0782868e+000
  2.3157087e+000  1.2591713e+000  2.2899288e+000
  4.3757353e+000  4.2856191e+000  1.4843688e+000
  1.5589505e+000  1.2388480e+000  3.6558917e+000
  4.4509006e+000  3.4419373e+000  2.7256900e+000
  2.5735765e+000  2.0941250e+000  3.3446449e+000
  3.7249290e+000  3.4318209e+000  4.2645976e+000
  9.4814083e+000  6.8237732e+000  3.7521036e+000
  2.6715321e+000  7.0972618e-001  1.1779188e+000
  1.7208802e+000  1.0183730e+000  3.7299917e+000
  1.9226224e+000  1.7270558e+000  1.3859987e+000
  4.1611406e+000  4.4739608e+000  4.0736867e+000
  4.6033944e+000  4.8887360e+000  3.6975042e+000
  3.2857889e+000  3.5257489e+000  1.3206349e+000
  2.0293601e+000  9.4695050e-001  4.2178598e+000
  2.2990263e+000  1.1402510e+000  3.9799802e+000
  5.7483242e-001  1.8583582e+000  3.1401307e+000
  1.7282044e+000  1.1682663e+000  4.2255065e+000
  2.0175297e+000  1.1013031e+000  4.1226280e+000
  8.6267380e+000  4.4233977e+000  3.6936096e+000
  4.1297990e+000  4.0170017e+000  1.3279080e+000
  1.9221161e+000  1.2759908e+000  3.9500111e+000
  3.6677648e+000  4.3106488e+000  3.6337361e+000
  1.6944938e+000  2.1272665e+000  1.7172012e+000
  3.3614962e+000  4.0288712e+000  3.5365088e+000
  7.9009280e+000  5.1479236e+000  3.2640208e+000
  7.5278660e+000  3.3900144e+000  3.9297491e+000
  9.6039192e+000  6.2180579e+000  4.5581976e+000
  4.1685984e+000  3.7148847e+000  2.7968054e+000
  1.6906652e+000  1.3552400e+000  3.9285398e+000
  3.0410169e+000  3.8087569e+000  3.3092503e+000
  7.2554163e+000  5.8995570e+000  4.6973580e+000
  7.3140920e+000  7.4876545e+000  4.0101133e+000
  7.1864652e+000  6.1657190e+000  3.5965471e+000
  2.1698164e+000  1.1175181e+000  4.1723196e+000
  6.3312870e-001  1.4890436e+000  6.5347277e-001
  4.3728835e+000  3.5525934e+000  4.2118383e+000
  4.1749341e+000  4.0091624e+000  4.5300208e+000
  2.2532495e+000  8.0265135e-001  3.8072158e+000
  1.5648540e+000  5.7281003e-001  4.0688667e+000
  1.9279216e+000  1.4478163e+000  3.9678202e+000
  1.6743343e+000  1.2552166e+000  3.8590374e+000
  2.1247137e+000  1.0008931e+000  3.8992896e+000
  1.2282944e+000  2.1881194e+000  1.8242235e+000
  3.5609316e+000  1.6885705e+000  1.8554253e+000
