# Zbior danych zawiera N=1000 punktow opisanych przez d=4 cechy numeryczne,
# tzn. kazdy punkt danych jest punktem w przestrzeni 4D. W zbiorze danych
# jest K=5 grup danych (kazda grupa danych ma inna charakterystyke
# statystyczna). Kolejne punkty danych sa opisane w kolejnych wierszach pliku
# wejsciowego (przez d=4 liczb rzeczywistych). Program grupujacy powinien na
# wyjsciu wypisywac w kolejnych wierszach numer grupy (z zakresu 1..K)
# kolejnych punktow danych (w kolejnosci odpowiadajacej opisowi punktow
# danych w pliku wejsciowym). Parametry N, d, K powinny byc parametrami
# uruchomienia programu grupujacego.

  8.3984872e+001 -5.9622783e+001  1.5743918e+001  6.9419401e+000
 -4.5983513e+001  1.8230289e+002  1.1639154e+001  9.1012735e+000
 -8.7066806e+001  6.6065090e+001  8.3652616e+000  8.7137457e+000
 -1.2584274e+000 -8.4982185e+001  8.0879868e+000  4.2004902e+000
 -6.7414171e+001  3.0068830e+001  7.0362882e+000  1.9737640e+000
  1.5025939e+002 -4.2351811e+001  1.8711497e+001  4.6730353e+000
  1.1332398e+002  1.2939482e+002  1.6183252e+001  3.4020665e+000
  6.4894458e+001 -1.0688637e+001  6.2127696e+000  5.6593477e+000
  6.7741732e+001 -1.1874295e+002  1.9452385e+001  3.5378915e+000
 -1.9884043e+001 -2.8621043e+001  7.3862898e+000  3.0201411e+000
  7.9802674e+001  2.3771786e+002  7.3397040e+000  3.3702161e+000
 -2.2470497e+001  6.0779235e+001  8.7768334e+000  6.4171618e+000
 -8.4307160e+000 -3.8801571e+001  7.8216643e+000  2.9765497e+000
  1.9943083e+002  3.8642894e+001  1.0902671e+001  8.9512420e+000
 -1.0905853e+002 -5.5239120e+001  7.4096802e-001  2.6809209e+000
  3.2328871e+000  9.9841148e+001  2.9140683e+001  1.2773814e+001
 -1.1932603e+002 -2.7993204e+001  2.8843038e+001  1.3188422e+001
 -5.7147825e+000  7.6643447e+001  1.8632052e+001  4.7193243e+000
 -1.7358043e+002  1.1380985e+002  1.3223563e+000  1.7574321e+000
 -1.3862015e+002  1.4052828e+002  1.8400924e+001  6.9010085e+000
  2.4812894e+001 -1.2969663e+002  1.0175539e+001  3.4801088e+000
 -2.3385232e+001  1.4105337e+002  6.9584956e+000  6.0896011e+000
 -9.4801668e-002  8.2809983e+001  6.0549063e+000  3.4521561e+000
  4.6369328e+001  1.0108853e+002  3.1973934e+000  4.3235191e-001
  4.4997104e+001 -1.1519422e+002  2.2289738e+000  1.6792366e+000
  1.5633721e+002 -8.7038151e+001  6.1871387e+000  1.4784049e+000
  1.0953605e+002  3.7772495e+001  7.2434339e+000  6.2946831e+000
 -8.0834627e+001 -4.2646811e+001  8.3707323e+000  3.7051444e+000
  1.3299531e+002  3.3377020e+002  1.9644234e+001  3.9570044e+000
 -2.6241693e+001  2.0357225e+001  2.8998371e+001  1.1783037e+001
  1.1938716e+002  8.2974720e+001  1.0361224e+001  8.9190499e+000
  1.7479010e+002  4.4281410e+001  7.9742644e+000  5.1171898e+000
 -9.2933064e+001  3.5531872e+001  1.8606780e+001  3.5026434e+000
  4.8271234e+001  4.4954918e+001  1.3722144e+001  8.7151280e+000
 -4.4224047e+001 -4.2934916e+001  1.8947934e+001  7.0831013e+000
  8.2104424e+001  2.6926471e+001  7.3413485e+000  3.3690030e+000
 -1.4784346e+002  7.2748999e+001  8.0754796e+000  8.2753385e+000
 -5.9147635e+001  1.7304525e+001  3.0574280e+001  1.2556978e+001
 -5.1929952e+001 -1.5477669e+001  1.4502438e+000  8.9960117e-001
  3.0767776e+001 -1.7640789e+002  1.6769698e+001  3.1659306e+000
  2.0549133e+002 -5.7882235e+001  2.5261468e+001  7.9647722e+000
  9.3753377e+001  6.4681467e+001  1.8453606e+001  6.2732858e+000
  4.7161647e+001  1.1532139e+001  6.3994954e+000  1.5516942e+000
  1.4526271e+002  1.1195199e+002  1.1382073e+001  9.0720518e+000
 -1.7961350e+002  2.4067570e+002  1.5460845e+001  9.3826843e+000
  1.8328889e+002  2.1685553e+002  1.9094314e+001  4.3818000e+000
  1.7563559e+002  3.2661812e+001  1.6420007e+001  7.7575201e+000
  1.7601693e+002  1.1876535e+002  4.1726441e+000  8.3838224e-001
  7.0804095e-001 -1.7931219e+001  2.5550592e+001  8.4954030e+000
  5.7860374e+001  8.0066351e+000  1.9087299e+001  3.6747673e+000
 -5.7072828e+001 -5.6393340e+001  2.1173303e+001  7.4372269e+000
  1.7317755e+002 -1.4198387e+002  1.8773358e+001  3.3268414e+000
 -1.1313578e+002  8.7066004e+001  1.3323881e+001  9.3479067e+000
 -5.7412346e+001  1.3958442e+002  1.1586693e+001  6.8793007e+000
 -2.2219154e+001 -3.7993724e+001  1.3377963e+001  8.2440756e+000
  1.0015074e+001 -6.8967459e+001  1.7958903e+001  8.4336637e+000
  2.0004655e+000  9.6201238e+001  1.3425836e+001  7.6027246e+000
 -1.5673138e+002  2.2440468e+001  1.9195447e+001  4.8366046e+000
 -1.6397469e+001  4.8235441e+001  1.7079904e+001  4.5045615e+000
 -5.4810512e+001 -1.2065823e+002  9.9605458e+000  3.8357629e+000
  1.3539524e+002 -3.6126489e+001  2.3300770e+001  1.2929027e+001
  1.1264229e+002 -1.0586307e+002  1.8901157e+001  4.4051929e+000
  6.7701100e+001  5.7117245e+001  1.9661537e+001  7.5113655e+000
  5.4040487e+001  3.9627006e+001  2.0382812e+001  4.0520249e+000
 -1.6676804e+001  1.2221411e+002  2.8262662e+001  1.3247763e+001
  1.5313039e+002 -2.4796986e+002  1.6753643e+001  8.2281409e+000
  9.4250699e+001  1.7094036e+002  2.9160185e+001  1.2422412e+001
  8.3543208e+001  1.7260951e+002  1.7937854e+001  6.9112672e+000
  9.9006250e+001 -3.9323867e+001  1.9581712e+001  3.9261478e+000
 -1.2054828e+002  1.2792364e+002  1.6576976e+001  3.5536555e+000
  1.4161874e+002 -1.4875438e+002  1.0103566e+001  3.5846981e+000
 -1.0810585e+002  6.3672519e+001  1.8727556e+001  4.9822781e+000
  1.7532131e+002  4.3615950e+000  2.0605680e+001  6.8907911e+000
 -4.0239341e+000 -5.1715527e+001  1.9152376e+001  3.9591807e+000
  6.7083247e+001 -9.7033812e+001  5.9337800e+000  2.2320690e+000
 -9.8529128e+001  6.2527166e+001  1.5957375e+001  3.2906406e+000
  5.4771954e+001  2.2669071e+002  1.9716679e+001  4.6837513e+000
 -1.3842367e+002 -6.9063337e+000  5.6256601e+000  3.0839332e+000
  4.1294565e+001 -1.2634318e+002  3.4799134e+000  7.5727821e-001
  1.5552574e+002  2.7968416e+001  1.1573820e+001  9.0628232e+000
 -2.5157059e+001  2.4240688e+002  1.1271441e+001  3.8122662e+000
 -6.5502633e+000  9.7648425e+001  1.5702830e+001  4.8901955e+000
  6.3420583e+001 -1.1230931e+002  2.9035880e+001  1.0603682e+001
  9.4974607e+000  7.0490766e+001  1.2746413e+001  8.6644173e+000
  5.7036782e+001 -1.0637117e+002  3.9241547e+000  1.9669790e+000
 -2.5455134e+001  2.8832390e+001  6.8061975e+000  1.9833825e+000
 -6.9543762e+001 -1.2982477e+002  1.1911007e+001  7.4951957e+000
  3.1278987e+001 -5.2370432e+001  1.6373092e+001  5.4325895e+000
 -1.7730079e+002  4.3163103e+001  1.6759210e+001  3.0866470e+000
  1.1179447e+002  1.1224685e+002  5.3733092e+000  9.2459708e-001
  5.2102485e+000 -1.3681677e+002  1.0001737e+000  1.8730468e+000
  8.3685463e+001 -9.5022032e+001  1.4851482e+001  7.3155841e+000
 -3.0807651e+001  1.0216491e+002  8.4347350e+000  3.9400244e+000
 -7.1390501e+001  6.5711839e+001  1.8301840e+001  6.9193143e+000
 -7.8309248e+001  1.5842381e+002  1.7872636e+001  3.4608073e+000
  1.1377952e+002 -5.1969940e+001  1.1694243e+001  3.6737017e+000
  1.2864857e+002  4.7008892e+001  1.9624717e+001  1.1603309e+001
 -1.2752472e+002  2.6690939e+001  2.1990827e+000  7.8084369e-001
  1.3567534e+002  8.9635108e+001  6.3927237e+000  4.1169355e+000
 -1.3126768e+002 -6.6944722e+000  2.7767111e+001  1.2643364e+001
  6.0122984e+001  1.0588960e+002  2.5183346e+000  1.2520234e+000
  4.4278512e+001  2.4165878e+001  1.0988201e+001  7.0784433e+000
  8.0474572e+001 -1.3343544e+002  6.3941995e+000  6.4590749e+000
 -6.5543320e+001  4.8362569e+000  1.8655061e+001  8.1735943e+000
  5.8453700e+001 -1.1517146e+002  2.8244312e+001  9.6710047e+000
 -1.7353204e+001  1.2739644e+002  7.9942477e+000  6.1641894e+000
  1.0140887e+002  2.1456206e+002  4.2230009e+000  3.0928169e+000
  3.8838328e+001 -2.5089340e+001  2.2116328e+001  7.5733741e+000
 -7.3661527e+001  9.4963641e+001  1.9635644e+001  4.1102076e+000
 -1.2975082e+002  9.8717659e+001  1.9387686e+001  3.7120549e+000
 -1.4578522e+000  8.8956325e+001  9.6397163e+000  4.1365630e+000
  1.3102204e+001  1.2303204e+002  5.8874534e+000  6.4357375e+000
  1.2561738e+002  4.7147989e+001  7.4686429e+000  8.1930511e+000
  4.2206183e+001 -5.2002692e+001  1.9324338e+001  6.5763874e+000
  1.1443022e+002  5.5091417e+000  1.9117706e+001  7.1180884e+000
 -9.7092755e+001 -4.1204027e+001  1.7959879e+001  4.3099731e+000
  5.7080665e+001  3.3067158e+001  2.9065178e+001  1.1129628e+001
 -2.7959632e+001  6.7152885e+001  1.3556875e+001  7.8547818e+000
  9.1695447e+001  3.5586802e+001  1.3278601e+001  7.8823733e+000
  6.7538880e+001  1.5180167e+002  2.4963087e+001  7.4889027e+000
 -8.2326958e+001  1.9463470e+002  9.9305087e+000  3.3683910e+000
  7.4980500e+001  5.1972546e+001  1.2050793e+001  9.0069797e+000
  6.2713671e+001  2.2172971e+000  1.7829631e+001  6.6423948e+000
  2.0608778e+002 -3.0820045e+001  1.3386499e+001  7.6967374e+000
  7.7307189e+001 -2.1143340e+002  2.9231865e+000  5.2525031e-001
 -5.6030836e+001 -9.9992362e+000  1.9320181e+001  3.8657803e+000
  2.9238098e+001  5.9722224e+001  1.1415616e+001  6.7761934e+000
  3.4553610e+001  1.3431282e+002  1.7235725e+001  4.0698065e+000
  8.1043483e+001 -2.1397976e+001  2.0016061e+001  3.9580198e+000
 -1.8544871e+002 -2.4826274e+000  6.1366837e+000  2.6812605e+000
  1.6470885e+002  7.1164784e+000  1.7230253e+001  4.1714510e+000
  1.1547113e+002 -1.7396397e+002  1.0620125e+001  6.2994009e+000
 -7.8420564e+001 -6.0987731e+001  1.8739796e+001  7.8865646e+000
 -1.0184835e+002  7.5668163e+001  9.4701219e+000  8.8157027e+000
  2.4543832e+001  7.9182874e+001  2.9436488e+001  1.1944410e+001
 -1.3145307e+002 -7.9525134e+001  9.8134263e+000  6.6685435e+000
 -1.4344211e+002 -5.6293910e+000  6.8555747e+000  3.0848500e+000
 -2.8579846e+001  3.8089829e+001  2.1125371e+001  1.2584284e+001
  1.1054433e+002 -2.1918603e+002  5.5379823e+000  2.7224370e+000
  1.6742138e+000  1.0536333e+002  1.5321104e+001  8.4469824e+000
 -5.2595803e+001  2.7665152e+002  6.7653961e+000  5.8585516e+000
  2.6208656e+002  1.8169012e+001  6.6074399e+000  6.3801059e+000
  1.7641870e+002  1.2249310e+002  1.1757039e+001  7.3287559e+000
 -6.0782141e+001  6.8831244e+001  6.1839638e+000  2.5827042e+000
 -2.7290928e+001 -6.0580014e+001  1.8479255e+000  1.8080739e+000
 -5.9677003e+000  1.7430442e+002  3.3010147e+000  9.8904114e-001
 -4.9026735e+000  1.2096091e+001  2.0178459e+001  3.8770669e+000
  1.2901523e+002  7.8956040e+001  1.8361138e+001  7.1074334e+000
 -1.7796072e+002  2.3047714e+001  6.3150261e+000  3.0788803e+000
  1.7044900e+002 -5.7270486e+001  1.6070786e+001  3.4056668e+000
 -1.5839025e+002 -2.9321954e+001  1.6071779e+001  8.2147944e+000
  1.5915831e+002 -3.8146504e+001  7.9572352e+000  7.9817630e+000
 -4.4173867e+001  1.4277234e+002  2.0132627e+001  4.7568114e+000
  1.0428719e+002  4.3853524e+001  2.0110963e+001  4.7154565e+000
  1.6345886e+000 -4.9206304e+001  8.9778077e+000  5.6780959e+000
  4.8727145e+001 -8.3880858e+001  1.9493736e+001  3.9353493e+000
  6.0755441e+001  2.9753347e-001  1.7525388e+001  4.5441259e+000
  4.3831533e+001 -7.5443745e+001  1.1798005e+001  9.0619373e+000
  2.0712641e+001 -7.6770721e+000  1.6975746e+001  8.2352905e+000
  1.0004570e+002  4.6784751e+001  1.9486905e+001  5.0295228e+000
  5.5190675e+001  2.4613102e+000  1.1991159e+001  7.1203763e+000
 -3.3453540e+002  1.0176006e+002  5.2178061e+000  3.7240610e+000
 -9.1550775e+001 -5.0864996e+001  1.2842348e+001  8.9863096e+000
 -6.7867805e+001  3.4913519e+001  1.5862844e+001  4.6374974e+000
 -6.8106926e+000  4.7822152e+001  1.9211255e+001  3.6578158e+000
  8.8234772e+001 -1.8273025e+002  3.9508025e+000  9.5394272e-001
 -9.3700788e+001 -3.0349870e+001  1.7769566e+001  4.0308862e+000
  1.3526303e+002 -7.5015231e+001  5.3533776e+000  6.1059527e+000
  1.2610544e+002 -4.5471174e+001  2.0261296e+001  4.9795632e+000
  4.7817086e+000  8.8353682e+001  1.7791388e+001  1.0750749e+001
  5.8584211e+001  2.0244865e+001  1.9840849e+001  4.0106109e+000
 -2.3918980e+001 -3.5684118e+001  1.3663243e+001  4.2249500e+000
  3.3003865e+001 -4.2636455e+001  4.7691856e+000  1.1819149e+000
  5.9675745e+001 -6.5168131e+001  1.2411189e+001  7.7068041e+000
 -1.5628520e+002  2.7966930e+002  8.4265953e+000  2.8601744e+000
  1.9993914e+000  5.3505815e+001  1.6592499e+001  5.8954909e+000
 -7.9118037e+001  2.3804572e+001  6.0511637e+000  6.3440484e+000
 -4.4528702e+001  1.6411224e+000  1.3487529e+001  7.7237740e+000
  8.2593232e+001  2.3917074e+002  5.0282193e+000  1.4208898e+000
  6.3309350e+000 -2.1842259e+000  6.8376189e+000  2.8008798e+000
  3.5313977e+001  3.6639876e+001  1.3250602e+001  7.7727591e+000
  8.1033250e+001  4.4689101e+000  6.9676759e+000  3.2176677e+000
 -5.6160201e+001  3.8173277e+001  1.7918355e+001  6.4026778e+000
  1.2905948e+002 -8.1837557e+000  1.8304949e+001  1.1074570e+001
 -6.3393614e+001 -1.5127160e+001  1.9245673e+001  3.6330169e+000
 -2.8437250e+001 -6.1120035e+001  1.3638147e+001  8.0253178e+000
  5.7645500e+001  1.2575394e+002  9.7382050e+000  8.6867473e+000
 -7.9548181e+001  3.2347687e+002  2.1730276e+000  2.2026582e+000
  2.2381714e+002 -7.5512872e+001  9.7544479e+000  6.0378574e+000
 -1.1561340e+002 -1.0501550e+002  9.0218718e+000  4.0516674e+000
  2.9494223e+001 -1.5694135e+002  1.8432811e+001  4.5187165e+000
 -1.0701876e+002  9.5240709e+001  6.2105454e+000  2.4652670e+000
  8.1366987e+000 -6.0108534e+001  1.8665236e+001  3.4198161e+000
 -3.6011127e+001 -3.8528322e+001  1.8905107e+001  7.2243826e+000
  7.7975812e+001  8.9158330e+001  1.9012122e+001  4.8515104e+000
  9.3097746e+001  1.0769674e+002  1.2940527e+001  9.0012672e+000
 -6.1354580e+001 -1.6474545e+002  8.0569068e+000  3.9528012e+000
 -1.1622054e+002  7.6146747e+001  6.3951618e+000  2.3144838e+000
  2.4076870e+001 -1.6277836e+002  1.1375728e+001  3.8492129e+000
  3.6142798e+001 -6.3239966e+001  1.5340327e+001  9.2534190e+000
 -4.5953764e+001 -3.9104960e+001  8.2861598e+000  5.0770216e+000
 -1.6270919e+002  3.2837119e+001  1.1005447e+001  8.8102264e+000
 -5.2723295e+001  2.2438524e+002  9.0516309e+000  3.7555166e+000
  1.6797604e+002  2.0988392e+001  1.3038082e+001  3.9938241e+000
 -2.1089949e+002  1.0071075e+002  1.7359523e+001  4.3716474e+000
  1.8426484e+001  1.4560547e+001  4.3067758e+000  3.0439413e+000
  9.5137891e+001  5.6589886e+001  6.3919023e+000  6.7964329e+000
 -2.9557642e+001 -1.1253181e+001  2.6028008e+000  1.5786303e+000
  6.5483810e+001  6.5017249e+000  1.1102770e+001  6.7971115e+000
 -2.1326274e+001  4.6989454e+001  2.7405387e+001  9.0516255e+000
  1.5230288e+002  2.1372869e+001  6.7737801e+000  6.2211788e+000
  5.3603328e+001  5.9903833e+001  1.3874264e+001  8.3118199e+000
 -9.6791808e+001 -2.2893229e+000  2.4538345e+001  8.4905295e+000
 -2.0125412e+002 -1.1559239e+002  8.6690745e+000  3.9130826e+000
  9.5901860e+000 -5.7998697e+001  1.7901351e+001  3.1458288e+000
 -1.3222508e+002  2.0920693e+002  2.0499966e+001  4.7916745e+000
  1.2337248e+002  7.4347078e+000  1.0095162e+001  6.5573750e+000
  1.4076757e+002 -1.4493913e+001  7.7025287e+000  8.1738452e+000
  5.9428991e+001  9.7557001e+001  1.2882874e+001  8.8370675e+000
 -3.6474761e+001  9.0696013e+001  1.8241515e+001  3.4159634e+000
  4.3585460e+000 -8.1902712e+000  1.9509977e+001  3.6763219e+000
  1.3677301e+002  1.4031527e+002  1.4624434e+001  7.8711381e+000
 -1.2956718e+002  3.3792931e+001  3.9782901e+000  3.1977287e+000
 -1.0783854e+002  5.5016950e+001  2.9529176e+001  1.1311705e+001
 -5.5462922e+001  1.4604132e+002  2.3821903e+000  1.7202281e+000
  1.8353697e+002 -7.7519051e+001  2.4321596e+001  1.3051707e+001
  6.4014737e+001  8.3217726e+001  1.6758628e+001  8.3963220e+000
  6.0974574e+001 -2.0487044e+002  1.3301667e+001  8.4134570e+000
  1.2858799e+002  2.2309532e+002  1.8112957e+001  7.2131701e+000
  8.1073956e+000 -3.7578113e+001  1.2759036e+001  7.9430810e+000
 -7.0688339e+001 -2.9440340e+001  2.9306506e+000  1.5319784e+000
  1.1121279e+002  6.1944450e+001  1.6011794e+001  8.9345314e+000
 -7.2242981e+001 -9.2999553e+001  1.1410134e+001  6.4573705e+000
  8.2984626e+001 -1.7356143e+002  3.2432118e+000  7.7982465e-001
  1.3516870e+002 -1.7613579e+002  3.3027261e+000  2.9186702e+000
  1.2514194e+002 -2.8779232e+001  1.2222385e+001  9.3070320e+000
 -6.6168406e+001  1.0507654e+002  1.5539272e+001  9.6350615e+000
 -6.4506485e+001 -2.5958239e+001  1.7693569e+001  3.2309282e+000
  2.2895307e+002  7.5072419e+001  8.6278477e+000  5.7819516e+000
  2.3943401e+001  1.4407608e+002  3.5896737e+000  2.8326269e+000
  1.4085252e+002 -4.5143982e+001  1.8837754e+001  4.8819111e+000
  5.3351671e+001 -1.0076104e+002  1.6698589e+000  1.1160179e+000
 -6.7101308e+001  1.0266259e+002  2.9452191e+001  1.0874365e+001
  4.9101656e+001 -6.4614376e+000  1.7378393e+001  4.1514608e+000
 -1.0376315e+002  5.3884873e+001  5.2650852e+000  1.6654632e+000
  6.5169545e+001  1.4237387e+001  3.4220856e+000  1.0509544e+000
  1.6697995e+002 -8.3953869e+001  1.0590279e+001  3.7352981e+000
 -2.6230444e+002  6.4150109e+001  1.2366448e+001  7.5483201e+000
  1.1600683e+002 -5.0742130e+000  7.6194294e+000  8.0728546e+000
  7.1304889e+001 -9.9238757e+000  7.9956259e+000  4.1693665e+000
 -3.5008243e+001  1.2530563e+002  1.4702358e+001  8.1950984e+000
  6.6112636e+001  1.3901891e+002  1.2407332e+001  7.7186928e+000
  8.9341678e+001  6.6234151e+001  9.4267076e+000  3.4001445e+000
 -2.4985312e+001  9.7707734e+001  9.1437031e+000  6.2156026e+000
  9.5373784e+001 -3.2754561e+001  1.1352204e+001  9.0857449e+000
 -6.0115559e+001 -7.7174771e+001  7.6520286e+000  2.0168138e+000
  3.1095528e+001  1.0302490e+002  3.2945962e+000  2.2709753e+000
  4.2394203e+001  4.5420892e+001  1.1453349e+001  6.7043379e+000
 -1.4499501e+002  6.7656057e+000  1.8375535e+001  4.6971851e+000
 -7.1403260e+001  4.0819053e+001  6.8142654e+000  2.5466569e+000
  1.2287505e+002  1.7772579e+002  9.0872429e+000  3.7487807e+000
  4.9033828e+000 -1.8474663e+001  6.7264679e+000  7.3587153e+000
 -1.1144726e+002  1.7890107e+001  1.2885149e+001  7.8005630e+000
 -4.9120757e+001 -4.6446664e+001  1.2376794e+001  8.5476837e+000
  1.2409855e+001  8.0515311e+001  1.7567617e+001  3.0715788e+000
  1.1243537e+002  1.0269886e+000  7.6243278e+000  7.9875153e+000
  1.0943334e+002 -4.5464822e+001  8.5872280e+000  5.2969729e+000
 -1.4548608e+002  1.5130004e+002  2.0884254e+001  7.4622709e+000
  8.2316494e+000  1.0879825e+001  2.8346398e+001  1.2544896e+001
  1.1792327e+001  5.1345538e+001  4.5677353e+000  2.8162221e+000
 -9.7950676e+000 -4.7178993e+000  6.9953342e+000  2.5223801e+000
 -2.2137642e+001  1.4685296e+002  3.0458933e+000  1.8251872e+000
  9.2844589e+001 -6.3126218e+001  4.9989674e+000  1.2623826e+000
  4.9775974e+001  1.9372396e+002  1.5977982e+001  8.2646817e+000
 -6.2681525e+001 -1.1873453e+002  1.4643737e+001  8.2718680e+000
  6.5164824e+001  4.8184815e+001  6.0435381e+000  2.8684762e+000
 -9.4555957e+001 -2.8799845e+001  5.0202659e+000  3.0083579e+000
  1.3860407e+002  1.4568804e+002  7.8185828e+000  5.0460096e+000
  1.1725871e+002  1.6207038e+002  9.4425837e+000  8.6034605e+000
  3.0062371e+001 -4.8025013e+001  1.4366105e+000  3.5372335e-001
 -1.5474685e+002  1.3020986e+002  2.0021898e+001  4.3428094e+000
  6.5202769e+001 -2.4276145e+001  1.7607416e+001  5.4426943e+000
 -1.3038132e+001  6.9979883e+001  2.1692168e+001  7.0931576e+000
  3.3130379e+001  5.4376559e+001  1.8260421e+001  6.4249718e+000
 -1.2347876e+002  1.3145113e+001  1.9896154e+001  4.7090013e+000
  3.4213910e+001 -1.3069597e+001  2.7505498e+001  1.2687228e+001
 -8.3683257e+001  4.0440190e+001  5.6491682e+000  2.3376180e+000
  5.1346765e+001 -1.1851287e+002  1.3029214e+001  7.9080052e+000
  2.7999378e+002  1.0572669e+001  1.7342171e+001  5.6900764e+000
  1.1208667e+002 -8.0682691e+001  2.2041871e+001  7.5639708e+000
  7.1916634e+001  9.9309311e+001  1.3444515e+001  8.5075226e+000
 -1.5572539e+001  6.2839067e+001  7.9548174e+000  7.9721277e+000
  4.8342066e+000  1.4616694e+002  7.0369809e+000  6.1470972e+000
 -8.8835283e+001 -1.0529188e+002  4.1086116e+000  2.3669771e+000
 -2.2325332e+002  3.8557787e+001  6.3132370e+000  7.3430615e+000
 -1.0568372e+002  1.5646708e+002  1.7465054e+001  5.8384336e+000
 -9.3227752e+001  2.2324207e+001  6.1958789e+000  2.2405102e+000
 -2.2102472e+002  7.0892998e+001  1.0139094e+001  3.8221430e+000
  1.6214060e+002  1.4128323e+001  9.1760440e+000  6.3482123e+000
 -4.3339796e+001  1.2750833e+001  1.9937703e+001  3.8011633e+000
  2.3968331e+001  1.2436813e+002  2.0049608e+001  4.9556912e+000
  3.2363496e+001  1.9980517e+002  2.8846965e+000  5.3084642e-001
  1.0911029e+002 -1.2063427e+002  1.8386433e+001  3.4838948e+000
  3.6712053e+001  6.9618683e+001  1.4477912e+001  8.2416809e+000
 -8.9073529e+000  6.8341928e+000  7.0183162e+000  2.3734097e+000
 -9.2290618e+001  1.5877257e+002  2.9682773e+001  1.3460209e+001
  1.0736525e+002  1.1846762e+002  1.7202865e+001  7.4711377e+000
  1.5478202e+002  1.2691334e+002  3.0710477e+000  1.0050972e+000
  1.9358730e+002 -9.5507572e+001  2.8453323e+001  1.0318533e+001
  2.5635858e+001  1.2596884e+001  2.0582455e+001  7.1514658e+000
 -1.6887414e+002  7.9539325e+001  6.9744031e+000  3.9025285e+000
  6.7969968e+001 -1.7120320e+002  8.3956474e+000  5.2443028e+000
 -1.0247321e+002  4.6943733e+001  6.2420136e+000  3.0513999e+000
 -1.7157164e+001  1.1914894e+002  3.7213016e-001  3.2921740e-001
 -3.9293899e+001  1.1437577e+002  6.5522902e+000  6.0915620e+000
  7.3891388e+000  1.1030672e+002  1.0186956e+001  6.6251726e+000
  9.3760272e+001  4.1891769e+001  2.4385069e+001  7.4611466e+000
  1.4756395e+001 -8.6513704e+001  1.6647970e+001  7.1285940e+000
 -9.8498527e+001  7.4052825e+001  1.1376097e+000  1.4877981e+000
 -5.9780991e+001  6.2128923e+000  7.7572148e+000  5.8260776e+000
 -2.2907850e+000  2.4399663e+000  1.9708765e+001  4.2042841e+000
  3.6819122e+001  1.2152496e+001  1.4490268e+001  8.2974676e+000
 -4.9553632e+001 -4.0042472e+001  1.8280006e+001  6.8001216e+000
  2.1038581e+002  1.8436112e+001  1.8847150e+001  7.2511803e+000
  1.2763517e+001  6.8081382e+001  1.6717020e+001  3.1788119e+000
  4.0925077e+001  1.8019468e+001  9.5790479e+000  8.7097445e+000
  1.5630220e+002 -7.0547489e+001  2.6607454e+001  9.3511407e+000
 -2.4181595e+001 -8.4601513e+001  2.4584783e+001  1.3830353e+001
  2.5181653e+002  1.2534007e+002  2.6189839e+001  8.3823698e+000
  6.5894825e+001 -6.4773310e+001  1.9277881e+001  7.1642416e+000
 -7.6996677e+000  1.0722089e+002  1.9225783e+001  8.0736531e+000
 -6.1264203e+001  1.8903727e+001  2.3666241e+001  7.6358938e+000
 -8.7530324e+001 -3.3177086e+001  2.3420586e+001  7.5915102e+000
 -9.4412230e+001 -1.1084810e+002  1.9112774e+001  6.3364922e+000
  2.2541882e+001  6.6289977e+001  2.0258208e+001  3.9532011e+000
  2.8958975e+002  3.1010723e+001  2.8321416e+001  9.7808679e+000
 -2.1207714e+001 -8.1860826e+001  1.7076952e+001  3.1728223e+000
 -2.6724467e+001 -1.6297177e+002  1.9770431e+001  3.8270295e+000
 -1.0210857e+002  1.7711681e+002  2.4217868e+001  1.2558518e+001
  9.2953361e+000  8.5661537e+001  1.6034931e+001  8.0975702e+000
  7.1609867e+001  2.7751662e+001  2.9833919e+001  1.2795791e+001
  3.2763409e+001  7.4716572e+001  1.2214409e+001  8.8670421e+000
  1.4775325e+002 -1.4024183e+001  1.1994521e+001  7.3317840e+000
  1.8136440e+001  2.6624223e+001  1.6585551e+001  8.2485526e+000
 -4.9489481e+001 -1.0892003e+002  2.7210166e+001  9.3112774e+000
  2.1273835e+002 -1.3283986e+002  5.7353107e+000  1.9651663e+000
 -5.3952063e+000  1.2111895e+002  1.7583791e+001  3.2683532e+000
  5.4589956e+001  1.2840225e+001  1.3356487e+001  8.3780101e+000
  1.1916208e+002  9.9862650e+001  1.8812519e+001  7.5558551e+000
 -1.0215565e+002  6.7344708e+001  2.9385078e+001  1.2061057e+001
  1.1081952e+002 -3.5043655e+001  1.0449697e+001  3.5299932e+000
  2.6139614e+001 -2.0500288e+002  3.0478808e+001  1.1986612e+001
  1.0359502e+002  8.6766277e+001  2.0506479e+001  4.2989168e+000
 -2.2795467e+001 -2.9821005e+001  2.8762568e+001  1.3000702e+001
  1.2675529e+002  6.0604334e+001  5.5239834e+000  6.4341599e+000
 -1.8343466e+002 -2.2233360e+002  1.7816643e+001  1.0658904e+001
 -6.8374105e+001 -4.9315022e+001  1.7192357e+001  4.0756746e+000
 -2.6280053e+001 -4.0110031e+001  1.8486661e+001  4.9449406e+000
 -1.1679186e+002  3.2158180e+001  1.9952886e+001  5.0669154e+000
  4.6960820e+001  1.7273266e+001  9.5833084e+000  6.6442544e+000
  9.5268828e-001  2.0247889e+002  5.5119429e+000  3.1983616e+000
 -1.4836006e+002  8.1726478e+001  1.7073616e+001  3.4251602e+000
 -1.5768930e+002  2.2811591e+001  1.8928907e+001  4.7424145e+000
 -3.8504861e+001 -6.5546327e+001  1.6932310e+001  8.3585619e+000
 -3.5592604e+001  2.1232553e+002  7.8220360e+000  8.0314501e+000
  5.4907896e+001 -2.1144567e+002  7.7832190e+000  6.0158762e+000
 -7.2518925e+001  1.3921827e+002  1.9640089e+000  6.6174530e-001
 -1.2490241e+002 -1.1576113e+002  1.4345278e+001  4.1634580e+000
 -2.0747340e+001  1.4027682e+002  1.7623824e+001  3.3330086e+000
 -7.6762587e+001 -1.9143631e+002  1.7217224e+001  5.6901248e+000
  1.9991378e+002 -1.3298029e+002  2.5662663e+001  8.0374716e+000
  3.4346765e+002 -1.8234733e+000  1.6012635e+001  7.7850425e+000
 -6.4244457e+001 -1.1231758e+002  1.3138739e+000  5.4345919e-001
 -7.4229433e+000  3.9725513e+001  3.2752931e+000  2.9383444e+000
 -7.4597007e+001  7.8356437e+001  1.2060911e+001  3.6558454e+000
  2.3846423e+002  1.1562882e+002  4.5817466e+000  1.3586720e+000
  3.1267636e+001  8.3355575e+001  1.9028030e+001  3.4148728e+000
  5.3344539e+001  2.2965801e+001  9.3601319e+000  3.8628930e+000
  2.0503893e+002 -6.7331599e+001  2.2630180e+001  7.7515934e+000
  9.3981322e+001  5.1850998e+001  1.9274392e+001  3.9860228e+000
 -6.7510409e+000 -3.4344969e+001  1.9655675e+001  4.6958286e+000
  1.6272544e+001  1.9238587e+001  7.3481393e+000  3.5295930e+000
 -5.9287068e+000 -3.9413534e+001  1.0150227e+001  8.5587972e+000
 -4.4687520e+001  2.0347350e+002  2.0680155e+001  4.2784264e+000
  7.8921043e+001 -8.6813104e+000  1.7241941e+001  3.8468334e+000
  9.8715303e+001 -1.1142013e+001  1.6816208e+001  8.0237191e+000
 -1.7149767e+002  9.3235717e+000  5.4971706e+000  3.0761871e+000
  3.7451829e+001 -2.2683726e+001  1.8961960e+001  3.4224243e+000
  4.9706679e+001  1.1504033e+002  1.5627589e+001  8.2040519e+000
 -1.7832059e+002 -2.8042611e+001  2.7163223e+001  1.3270922e+001
  1.2560195e+002 -1.8717365e+001  1.4077382e+001  8.5539635e+000
  1.1738750e+002  6.2967141e+001  9.8984590e+000  3.9814396e+000
 -2.8299600e+001 -5.9045803e+001  4.9595626e+000  3.1330020e+000
  2.7251350e+001  3.1673120e+001  1.9638080e+001  4.5278126e+000
  7.1914844e+001 -1.4670848e+002  1.2939040e+001  7.6218092e+000
 -1.3896042e+002 -5.0641684e+001  1.5751339e+001  9.5794820e+000
  1.0957566e+001  1.7604489e+002  1.8323810e+001  3.2590674e+000
  1.5712288e+002  1.6451162e+002  2.1002720e+000  7.2539085e-002
  1.2181541e+001 -8.9753373e+001  7.3302707e+000  3.1705792e+000
 -1.4544288e+001 -6.0196670e+000  8.3468431e+000  3.4743562e+000
  2.1846610e+002 -6.5377859e+001  2.1285124e+001  4.7750767e+000
 -8.3874384e+001  7.2491325e+001  1.8723842e+001  6.1973292e+000
  5.3844246e+001  6.2329164e+001  4.0825243e+000  9.0891423e-001
 -6.0245495e+001 -1.5235952e+002  1.1357760e+001  7.2252457e+000
  5.3325317e+001 -3.5924641e+001  1.6449217e+001  3.7776387e+000
  1.2317865e+001  3.0842592e+001  4.6112380e+000  6.6118950e-001
  2.4379232e+002 -1.1069257e+002  1.0156192e+001  6.4112020e+000
 -7.8118043e+001 -1.1161896e+002  2.5892986e+001  1.2792938e+001
  1.4375303e+002 -8.3108624e+001  1.1869385e+001  3.7781361e+000
 -9.5558226e+001  1.8030287e+002  1.8572701e+001  7.6971959e+000
  1.0581173e+002  7.6590839e+000  6.5395626e+000  7.0480438e+000
  6.4877555e+000  1.6433556e+002  6.7432063e+000  1.9813999e+000
 -5.3052753e+001  2.9760043e+001  1.3091139e+001  7.7631087e+000
 -2.4728859e+002  1.7142014e+000  1.5696819e+001  8.7993295e+000
  2.0420179e+001 -1.9764558e+001  1.2002654e+001  7.3635618e+000
  1.4153904e+001  6.5035628e+001  1.9439661e+001  3.6238979e+000
 -2.5633296e+000  1.7911946e+002  1.7120464e+001  4.0082290e+000
  2.0420864e+000  1.6629662e+002  2.9638674e+000  2.8389782e+000
  4.0088990e+001 -1.4400028e+002  1.5844480e+001  7.1620548e+000
  2.1935880e+002  1.1238150e+002  8.8231713e+000  6.0113169e+000
  2.4728524e+001  4.7391026e+001  7.9331340e+000  8.4030660e+000
 -8.7593455e+001  5.9206224e+001  7.5271241e+000  2.6298674e+000
  1.7029040e+002  1.4356046e+002  1.6551607e+001  9.3284338e+000
 -8.7275958e+001 -7.4588376e+001  1.0893969e+001  7.0897024e+000
  6.4301378e+001  1.4953983e+002  1.4354509e+001  4.3322243e+000
  6.1137113e+001 -1.9691267e+001  1.9361932e+001  3.7542964e+000
  8.4541061e+001  6.4764476e+001  9.1717890e+000  8.6732601e+000
  2.8735024e+002 -7.9719862e+001  5.7333163e+000  2.1753173e+000
  6.2618834e+001  3.4390006e+001  1.8161384e+001  4.2937327e+000
  1.2930693e+002 -8.3799219e+001  1.3224320e+001  7.9733169e+000
  9.7741104e+001 -7.8559639e+001  2.9548000e+001  1.0950125e+001
  1.1842782e+002 -2.0024897e+002  8.2760809e-001  4.5956992e-001
 -3.5334675e+001 -1.4798686e+002  5.4665724e+000  1.7565242e+000
 -9.4169055e+001 -1.9349593e+001  5.7162735e+000  6.6947838e+000
  1.7438823e+002  1.7211133e+002  2.1089644e+001  7.3112148e+000
 -5.0265690e+001  1.8624845e+001  8.1807867e+000  4.6610480e+000
  3.3668590e+001 -7.0580819e+001  5.6004315e+000  1.1206987e+000
 -8.4025376e+001 -7.1286794e+001  1.3079730e+001  8.0246591e+000
 -7.1000449e+001  2.1448667e+001  2.2869783e+001  1.2879122e+001
  2.0244615e+002  8.4786939e+001  1.9152582e+001  4.0535679e+000
  1.0371834e+002 -4.8229668e+001  1.8362684e+001  6.8924232e+000
 -5.1840944e+001 -3.9483145e+001  1.7353908e+001  2.9640278e+000
  1.2608892e+002  1.0805641e+002  3.1208248e+000  2.5831581e+000
 -6.4254449e+000  1.2010423e+002  9.8668000e+000  3.7141998e+000
  1.4721533e+002  8.1986420e+001  6.9988617e+000  2.6159829e+000
  2.7316814e+001 -5.3118277e+001  1.7301702e+001  3.3171920e+000
  1.8419358e+002  2.1430255e+001  6.4673955e+000  2.9425467e+000
  1.1770945e+002  3.8096816e+001  8.6228269e+000  8.5304680e+000
 -6.0729762e+001  1.8543985e+001  2.0203897e+001  4.4244574e+000
  1.2982373e+002 -9.6078899e+001  1.1268556e+001  8.6408183e+000
  7.1803232e+001 -7.2335807e+000  1.6985817e+001  3.6703434e+000
 -2.9109870e+001  3.5535736e+001  5.6707647e+000  6.2111461e+000
  6.1728221e+001  9.7767637e+001  1.7127061e+001  8.2758237e+000
 -6.3914822e+001  1.1099432e+002  1.1000086e+001  3.4324698e+000
 -1.2515983e+002 -1.5322820e+002  4.3940262e+000  3.1660428e+000
 -1.3949213e+001 -3.8729180e+001  2.9307737e+001  1.1675737e+001
 -8.9111984e+001  9.4282597e+001  2.9450443e+001  1.1109813e+001
 -1.7293577e+001 -8.2634283e+001  1.7413870e+001  3.7410530e+000
 -1.1344677e+000  1.0196979e+002  1.3835347e+001  9.1824048e+000
 -4.8518999e+001 -3.5457630e+001  8.8072818e+000  3.6127195e+000
 -1.5945455e+002  7.0044802e+001  1.8805800e+001  8.1087995e+000
  7.0391285e+001 -9.2933374e+000  1.7838924e+001  3.0063643e+000
 -2.7013058e+001  1.3633563e+001  1.2403394e+001  9.0735179e+000
  1.1492772e+002  2.2554618e+002  1.2931859e+001  7.7909731e+000
  5.7432675e+000 -1.2762636e+001  1.5929232e+001  8.0474588e+000
  4.9058598e+001  9.6470578e+001  2.0728627e+001  7.2259419e+000
  2.3583213e+001 -5.9042199e+001  1.6910323e+001  8.1368888e+000
  5.0336649e+001  9.3459788e+001  1.6540745e+001  1.0578174e+001
 -1.6256601e+002 -2.0539274e+001  1.7921555e+001  3.0176863e+000
  2.1999858e+002 -2.0596780e+001  7.7009106e+000  6.0424058e+000
  6.5035558e+000 -1.0894466e+002  1.4979438e+001  4.5946126e+000
 -1.5153460e+002  5.4046570e+001  1.8460701e+001  8.7096338e+000
  2.3460403e+001 -1.2075237e+002  2.2150082e+001  7.4285985e+000
  9.8477671e+001  1.0937900e+002  9.0547120e+000  6.1682142e+000
  2.7287823e+001  5.1100627e+001  1.8095713e+001  6.5881837e+000
 -1.0923286e+001 -1.7081804e+001  1.2868698e+001  7.9795820e+000
  6.0267700e+001  6.9713940e+001  9.9416404e+000  6.2695715e+000
  2.6786417e+001  1.4422719e+002  1.1393922e+001  8.7494259e+000
 -1.4457608e+002  2.1517487e+001  1.8030897e+001  7.2900220e+000
  9.2280474e+001  1.3558539e+002  2.5865866e+001  1.3037192e+001
  3.8605697e+000  2.7383280e+001  1.5281238e+000  2.1353396e-001
  6.8467967e+001  1.3844742e+002  1.5859284e+001  8.5836250e+000
 -1.0128863e+001  1.2643175e+002  1.4014340e+001  8.1660107e+000
 -8.5332840e+001  1.2952190e+002  1.6543266e+001  6.6574753e+000
  1.1719739e+002  8.6562362e+001  7.4227382e+000  1.8421648e+000
 -1.3217691e+002  7.3554182e+001  1.8948250e+001  8.0074328e+000
 -7.8467035e-001 -7.3658885e+001  1.6323196e+001  4.9567045e+000
 -6.1901140e+001 -1.4250740e+002  2.4063211e+001  1.3218992e+001
  9.5105527e+001  7.0843830e+001  1.7415859e+001  1.0216142e+001
  5.9173193e+001  3.7150529e+001  1.6987943e+001  4.1673240e+000
 -5.2495090e+001 -1.0534997e+002  2.8072557e+001  9.4437407e+000
  2.0495497e+000 -6.9392482e+001  1.8122972e+001  8.3052659e+000
  3.7766261e+001  6.7992707e+001  1.0774232e+001  9.3327244e+000
  1.5416677e+002  5.6489744e+001  1.4072644e+001  7.9947441e+000
  1.7940892e+002  1.0477429e+002  3.6958600e+000  1.9838993e+000
  9.7261444e+000  4.8567702e+001  3.6202296e+000  1.3698778e+000
  1.8305209e+002 -2.4755026e+001  1.6046813e+001  1.0023337e+001
  1.1706767e+002 -2.0448716e-001  1.8957740e+001  3.3651968e+000
 -8.0996512e+001  1.0070774e+002  1.9633388e+001  4.1062776e+000
  1.5019004e+002  1.9113053e+002  1.7399925e+001  4.6715546e+000
  1.1809243e+002  1.3155411e+002  1.2900662e+001  9.3859339e+000
  9.6373018e+001  1.1731882e+001  6.8783688e+000  3.5617106e+000
 -7.0537777e+001  2.1183126e+002  3.3432441e+000  1.2126644e+000
  4.8308754e+001  7.7725409e+001  9.7527797e+000  6.3314225e+000
  1.4779447e+002 -1.1858008e+002  2.0819774e+001  1.2173979e+001
  5.6587752e+001 -1.8448391e+002  1.7259048e+001  4.0691817e+000
  5.1204437e+001  4.5665463e+000  1.6088377e+001  8.4373710e+000
 -5.1298688e+001 -2.6662132e+001  6.5367919e+000  6.3391275e+000
 -1.5000261e+001  4.9258290e+001  6.5250003e+000  7.5981406e+000
  4.9537868e+001 -1.4810125e+000  3.2221934e+000  2.6358463e+000
  6.6099210e+001 -7.6797981e+001  1.6432677e+001  5.5608064e+000
  2.3403424e+001  8.6655333e+001  3.0145259e+001  1.3315289e+001
  3.6198967e+000  2.2409983e+001  2.0974212e+000  1.4112877e+000
  2.3899241e+001  1.0940937e+002  7.6863133e+000  4.1076971e+000
 -4.6258575e+000  1.1797679e+002  1.2092457e+001  3.7924609e+000
 -2.8282018e+002  1.3057204e+002  2.3855438e+001  7.1449856e+000
 -3.2203637e+001 -2.1240721e+001  1.7434077e+001  4.3186790e+000
 -3.6754082e+001  6.2967403e+001  1.3756558e+001  8.9809195e+000
  1.7216145e+002  4.6635694e+001  2.2174831e+001  6.6648514e+000
  2.6925873e+001 -2.8180555e+001  1.6986844e+001  6.9083526e+000
 -7.7829200e+001 -8.4972046e+000  1.8423315e+001  1.0996845e+001
 -4.3028152e+001  1.7911692e+002  3.1805193e+000  2.3832456e+000
  5.1528486e+001 -1.1350310e+002  1.4263521e+001  4.2195172e+000
  1.2153581e+001  7.1960246e+001  1.8592127e+001  7.1427412e+000
 -1.9144339e+002  9.9324469e+000  2.8941704e+000  1.0245152e+000
 -4.7908776e+001  2.1228483e+002  1.6896992e+001  3.5917409e+000
  6.5919476e+001  9.2086066e+001  1.2384695e+001  7.4231908e+000
  1.5145761e+002 -5.3996430e+001  3.2912087e+000  2.1644732e+000
 -1.5729343e+001  2.3633533e+001  3.4529838e+000  2.8329816e-001
  6.1812546e+000 -8.0299249e+001  2.4537778e+001  1.2213716e+001
  1.3552132e+002 -1.0947039e+002 -7.3690520e-002  6.3899408e-001
  1.0081400e+002 -3.6556095e+001  6.5269257e+000  3.2663741e+000
  1.5052542e+002 -8.8670235e+001  9.9867206e+000  6.3627694e+000
  1.9274832e+002 -2.1012334e+002  4.3280132e+000  2.9704093e+000
 -1.6096353e+002 -1.4397708e+000  1.5310752e+001  8.4645174e+000
  7.1612637e+001  7.9313874e+001  2.9074163e+001  1.1028293e+001
  1.0474264e+002 -2.7127375e-001  1.0852954e+001  9.1249015e+000
  1.0866358e+001 -9.3943644e+001  1.8898664e+001  3.6982458e+000
 -1.3024734e+002  2.7791854e+001  1.0110321e+001  3.4580403e+000
  9.4649347e+000  1.4194434e+002  1.6459104e+001  3.5360230e+000
 -1.1343964e+002  2.2703393e+001  1.9818827e+001  4.3563665e+000
 -1.5346399e+002 -1.7467265e+002  3.4076041e+000  2.7698082e+000
  1.3445710e+002  2.6793376e+001  1.6924873e+001  3.9957968e+000
 -8.7918676e+001 -4.6512788e+001  1.8962288e+000  5.0747403e-001
 -1.0635370e+002 -3.5807395e+001  8.0213592e+000  8.1339039e+000
  2.0407145e+001  4.3184589e+001  1.9084290e+000  1.9661726e+000
 -2.5643264e+001 -6.6575296e+001  1.8399961e+001  8.0253432e+000
  8.1122856e+001  2.0541616e+001  1.6743867e+001  3.7821519e+000
 -3.1621884e+001 -1.8876803e+002  5.5706334e+000  9.3805655e-001
 -2.5085977e+001 -1.0723755e+001  1.3425952e+001  4.1355532e+000
 -6.5406155e+001  8.6888058e+001  8.3888238e+000  5.9187914e+000
 -1.1016528e+002  5.6835417e+001  1.7069186e+001  3.9101756e+000
  4.3105070e+001  1.9803848e+001  1.4129339e+001  7.2581997e+000
  4.0183622e+001  1.5860134e+001  1.8569807e+001  7.6767614e+000
  2.2197603e+002  3.1440857e+001  1.1938713e+001  7.1767167e+000
  6.6434035e+001  2.8720314e+001  1.9600383e+001  3.6409349e+000
  6.2197827e+001  8.0061648e+001  8.9226725e+000  8.4431637e+000
  1.1375766e+002  2.1369081e+002  1.4327355e+001  4.2322685e+000
 -4.9518779e+001 -9.9945959e+001  1.8822849e+001  7.3324364e+000
 -1.4059237e+002 -1.0802303e+002  1.3633389e+001  8.7052791e+000
 -6.9601841e+000  2.6544278e+001  1.6390532e+001  3.7176529e+000
 -3.4444288e+000  4.3187678e+001  1.7847213e+001  4.4851622e+000
  8.3104376e+001  1.3980308e+002  1.2117598e+001  8.2222860e+000
  5.0972007e+001 -1.6196268e+001  1.8521257e+001  6.6934217e+000
 -3.3077461e+001 -1.1365121e+002  1.4377455e+001  4.1710425e+000
  3.8925818e+001  3.8333194e+001  1.1043693e+001  8.7437085e+000
 -1.0285382e+002 -9.0009057e-001  1.3176939e+001  8.0463324e+000
 -4.1271681e+001 -3.7916076e+001  2.4164644e+001  1.2884779e+001
 -1.6170939e+002  2.1693947e+002  6.6537322e+000  7.8494621e+000
  9.7937010e+001 -5.9326171e+001  1.2779292e+001  3.7286025e+000
  1.8065485e+002 -9.9696495e+001  1.7309911e+001  8.0523099e+000
  5.6967009e+001 -1.0592187e+002  8.7220051e+000  5.2572419e+000
  7.8249406e+001  1.3684919e+002  1.2810009e+001  7.7693727e+000
  1.0961107e+002 -4.6719046e+001  6.5974100e+000  7.1602034e+000
  5.4726711e+001  1.8405434e+002  4.5423152e+000  2.4970566e+000
 -1.3081535e+002 -3.3674267e+001  1.6560965e+001  3.2984520e+000
  1.9013549e+001 -8.2296485e+001  2.8051313e+001  1.0528649e+001
  1.6135531e+002  1.4501290e+001  1.6998003e+001  3.5282459e+000
  3.2400589e+000 -1.2471293e+002  1.4517705e+001  4.0766497e+000
  3.1944139e+001 -6.9856095e+001  1.4623211e+001  8.2789340e+000
  3.5062274e+001 -8.8231617e+001  7.6065129e+000  8.0521216e+000
  2.5642503e+000  8.8840296e+001  7.3754909e+000  1.8533914e+000
  6.6695324e+000  1.8390586e+001  2.3186174e+001  1.2883220e+001
  4.4353611e+001 -1.5334104e+002  5.1658657e+000  1.6718340e+000
  3.8341195e+001  1.3918229e+002  2.0325606e+001  4.4802775e+000
 -1.6535127e+001 -1.8665853e+001  9.3950888e+000  8.5207382e+000
 -7.4364486e+001  1.1190171e+002  2.3788751e+000  9.9034302e-001
 -6.3547122e+000  8.0148458e+001  1.6646219e+001  5.0065847e+000
  3.7942958e+001  5.5460912e+001  2.9625531e+001  1.0599768e+001
  1.1802171e+002 -1.5829181e+001  2.0302900e+001  4.7947838e+000
  1.8619453e+002  1.6753387e+000  2.5861855e+001  1.2925742e+001
 -8.2083126e-001 -7.2530088e+001  2.1876948e+000  1.0329343e+000
 -2.0288721e+002  3.5904621e+001  1.2633556e+001  7.5718637e+000
  1.1451543e+002  8.6349587e+001  2.7612262e+001  9.9071376e+000
 -1.5315642e+002  4.5293393e+001  6.4064458e+000  7.4078883e+000
  7.4634255e+001 -1.8015430e+002  1.7934012e+001  8.6209230e+000
 -1.4308493e+002 -1.8911336e+002  1.6584683e+001  4.0117899e+000
 -8.3686267e+001 -5.8723600e+001  5.7513481e+000  6.4083818e+000
  1.3776320e+002  1.4960610e+002  5.5295275e+000  6.5556421e+000
 -5.7040910e+001  1.0926157e+002  2.2203332e+001  1.2356996e+001
 -2.1209476e+002  7.1184322e+000  1.0216131e+001  8.8484913e+000
 -3.2916191e+001  9.3114754e+000  2.2491245e+001  1.2806125e+001
  1.0530576e+002 -2.4041307e+000  1.8993937e+001  6.8342213e+000
  2.3474137e+001 -6.9848745e+000  5.3207710e+000  2.2443892e+000
 -2.0018114e+002  7.2447242e+000  9.3665320e+000  3.9240240e+000
  4.4736130e+001  1.4166962e+002  2.7310836e+001  1.2867616e+001
  7.1927789e+001  6.8707925e+001  2.7981525e+001  9.9779658e+000
  6.6197188e+001  1.3739742e+002  1.2052948e+001  3.6496926e+000
  1.0318660e+002 -2.8776578e+001  7.9497056e+000  5.2816434e+000
  7.2589537e+001 -4.3914156e+001  1.6450398e+001  3.7514297e+000
 -1.6905598e+002 -1.3772597e+002  4.1008144e+000  2.2276788e+000
  1.1543650e+002  8.8830628e+001  6.6873914e+000  6.4667870e+000
 -1.7978833e+002  5.6737180e+000  1.3582425e+001  8.1083553e+000
  4.4127816e+001  3.0409650e+001  1.8186168e+001  4.7681104e+000
 -5.7051585e+001 -2.2957655e+002  5.4049038e+000  5.9620438e+000
  5.1007833e+001  6.3405593e+001  2.5002769e+001  7.6097214e+000
 -3.3778009e+001  1.2972486e+001  8.8605933e+000  5.9010836e+000
 -5.5502979e+001  1.0972559e+002  1.7306867e+001  5.4090462e+000
  6.8320625e+001  2.3780336e+001  1.1602373e+001  6.6732260e+000
  3.4307332e+001  7.7596202e+001  2.0407882e+001  1.1833676e+001
 -7.2818204e+001  8.3956909e+001  1.5159828e+000  1.6965117e+000
 -1.7250680e+001  5.4696507e+001  6.1401414e+000  1.1103312e+000
  1.5180243e+002 -9.9810301e+001  6.1103479e+000  7.3635845e+000
  1.6085334e+002 -5.4691869e+001  2.3619228e+001  1.2630533e+001
  3.9302356e+001  6.6570899e+001  2.9941287e+000  2.6658231e+000
  8.0491504e+000 -5.7007737e+001  4.5527668e+000  1.4574017e+000
 -7.0163685e+001  1.8947685e+001  1.7352082e+001  4.2822301e+000
 -1.2507766e+002  3.5413423e+001  8.9672806e-001  1.3305304e+000
 -2.3215521e+002  8.9340694e+000  4.4602162e+000  1.1298728e+000
  1.3963298e+001 -6.8402169e+000  2.3086107e+001  1.2933889e+001
  2.4138402e+001 -3.6191113e+001  8.8742918e+000  5.6269053e+000
  9.3536889e+001 -2.2687070e+002  3.8294911e+000  2.2094386e+000
  2.5169171e+002  2.4879694e+001  5.4604700e+000  2.6281257e+000
  1.0712119e+002 -4.2764731e+001  4.7180583e+000  1.4098711e+000
  1.3918536e+002  7.0318251e+001  1.0297285e+001  6.4515898e+000
  3.2120150e+000 -6.0781865e+001  1.3203892e+001  8.6388153e+000
  1.7029198e+001  1.9358488e+002  2.9723757e+001  1.1957705e+001
  2.2122564e+002 -2.8817106e+001  6.5522599e+000  6.4380627e+000
 -5.7044666e+001  9.3472964e+001  1.8197725e+001  7.3932117e+000
  8.7155032e+001 -4.6106154e+001  1.7153194e+001  3.2201706e+000
 -4.1128664e+001 -7.7541330e+001  3.7488319e+000  9.7868745e-001
 -1.0876539e+002 -1.7882715e+001  2.5738515e+001  8.3871385e+000
  7.6911609e+001  4.3599142e+001  2.8353788e+001  1.0190667e+001
  1.4323397e+002  1.0633815e+002  1.9064368e+001  7.4903764e+000
 -4.7992808e+001 -1.5851923e+002  6.0411155e+000  5.8528228e+000
  4.1458598e+001  9.4381048e+001  2.9394974e+001  1.1327693e+001
  9.0612626e+001 -1.4285243e+002  1.7058800e+001  4.2018517e+000
  3.2827517e+001  1.8501958e+001  1.3582860e+001  4.2953181e+000
  9.0727814e+001  1.8722287e+002  1.2644792e+001  8.6019058e+000
  1.8316100e+002 -1.2070090e+002  1.2642411e+001  7.5971677e+000
  8.5877140e+001  1.4025985e+001  6.4573615e+000  7.5766452e+000
 -9.3877296e+000 -1.4171409e+002  1.8610194e+001  3.5528836e+000
  6.2243756e+001 -1.2023070e+001  1.1757217e+001  6.4188664e+000
 -9.2813606e+001 -2.2944197e+001  1.6552036e+001  3.5889131e+000
 -1.5925825e+002  1.7937873e+001  1.1849486e+001  7.3617868e+000
  7.2367694e+001 -2.1544101e+001  1.2016008e+001  3.6677503e+000
 -3.8912157e+001 -2.2259251e+002  1.8150819e+001  3.2516659e+000
 -9.4105638e+001 -1.1870689e+002  1.8044897e+001  3.2601837e+000
  3.7959270e+001 -8.0517487e+001  1.5572724e+001  8.3651517e+000
 -1.6880031e+001 -4.0875461e+001  9.7264406e+000  3.5598121e+000
 -2.1199034e+002  9.0578635e+001  2.6390326e+001  8.7297121e+000
  1.4844197e+002 -4.5927432e+001  1.9740786e+001  1.1757376e+001
  1.8191709e+002 -2.3860425e+001  2.2708243e+001  7.3729814e+000
 -4.2886251e+001  1.7400598e+001  4.3721662e+000  1.1117508e+000
  8.9662293e+001  1.8830542e+002  2.4449017e+001  1.2940735e+001
 -3.9042203e+000 -1.7437716e+002  5.8646838e+000  2.1664883e+000
 -1.3018174e+002 -5.2209328e+001  3.7762210e+000  1.2236664e+000
  1.4769342e+001 -5.6747290e+001  1.1178631e+001  7.3118050e+000
  6.1363873e+001 -8.2327106e+001  2.3291388e+001  8.2381912e+000
  2.0065200e+002 -1.2160536e+002  2.3864917e+001  1.2744659e+001
 -8.2417614e+000  7.0364860e+001  5.0412039e+000  1.7679978e+000
 -3.9823054e+001 -1.1574394e+001  1.6817835e+001  3.2535710e+000
  7.3026821e+001 -2.6974690e+001  1.7576297e+001  5.7679073e+000
  5.0773858e+001 -8.6621254e+000  8.5434150e+000  4.6051690e+000
  7.1480192e+001  1.2878121e+002  1.9977445e+001  3.7297259e+000
 -8.9061386e+000  1.1920994e+002  1.2476709e+001  9.1744136e+000
  1.7830012e+002  1.1512376e+002  1.3779506e+001  4.3229564e+000
  1.1613520e+002  2.8886065e+001  9.7604152e+000  6.4679689e+000
 -5.7135673e+001 -8.6942693e+001  1.7783709e+001  6.0529365e+000
 -4.2193789e+001  3.5387990e+001  1.2832781e+001  8.6487971e+000
 -2.5750467e+001  2.2233702e+002  1.5098043e+000  1.2018445e+000
  6.2132601e+001  1.5969416e+002  1.6865563e+001  1.0065667e+001
  5.4493732e+001 -1.9694989e+001  4.3098160e+000  2.8288579e+000
  8.1200202e+000  1.3681996e+000  1.8979749e+001  8.2765350e+000
 -1.0399120e+002  9.5367495e+001  2.0456986e+001  5.0507953e+000
  2.3653224e+001 -8.9678591e+001  2.9616243e+001  1.1066287e+001
  1.4602506e+001  1.1904675e+002  1.2997059e+001  7.4410189e+000
  1.4849823e+002 -2.4347863e+001  3.9718584e+000  1.4072312e+000
 -8.7662293e+000  5.0951507e+001  1.7482155e+001  3.7439201e+000
  9.4849579e+001  5.5369754e+001  5.8815777e+000  1.1247234e+000
  1.0654336e+002  1.1958419e+001  2.1311839e+001  7.5409373e+000
  4.2525212e+001 -1.9919183e+000  1.3002754e+001  7.8853272e+000
 -2.4712831e+001  2.0014543e+001  1.9445440e+001  7.4200799e+000
  3.8009250e+001  1.0018575e+002  2.0738968e+001  1.2096950e+001
 -3.3281266e+001 -1.4886265e+001  1.3323150e+001  8.9659636e+000
  1.1096989e+002  4.9447626e+001  1.8327949e+001  3.3617868e+000
 -6.4135679e+001 -1.2680309e+001  1.3587580e+001  8.7682088e+000
  6.8179951e+001  3.2048967e+001  6.8442708e+000  1.4481987e+000
 -8.1849375e+001  2.6373595e+001  2.3226256e+001  1.3338475e+001
  7.4359208e+001  1.0491811e+001  7.6029158e+000  7.9249216e+000
  1.1672648e+002  3.0866024e+000  1.7298762e+001  4.4123566e+000
  9.4423265e+001 -1.2276804e+002  1.5414942e+001  4.5204408e+000
  7.1934260e+001  2.0317250e+002  2.0254722e+001  4.3745342e+000
 -1.8861537e+002  5.4063527e+000  2.7395717e+001  9.6541895e+000
 -1.1935236e+002  9.9264687e+001  6.6182575e+000  2.0387229e+000
 -1.0553855e+001 -6.1426758e+001  1.3191451e+001  4.2496937e+000
  2.2866608e+002  1.2470095e+002  2.0117505e+001  3.9889120e+000
  1.4263702e+002 -1.2502825e+002  2.7631677e+001  9.6562940e+000
 -4.2542920e+001  4.8374633e+001  6.4699417e+000  7.3176219e+000
  1.7419050e+002  2.5122995e+001  1.7084970e+001  1.0800737e+001
 -4.9867366e+000 -2.7606358e+001  1.0942551e+001  8.8519883e+000
  2.9078481e+002 -6.5882212e+001  1.3926415e+001  7.9268995e+000
 -3.6142239e+000 -4.9004557e+001  1.3187403e+001  8.5153785e+000
  1.2186413e+002 -7.7478958e+000  7.4289519e+000  5.8006178e+000
  8.3555961e+001 -4.5479098e+000  8.7487489e+000  5.5546868e+000
  3.0923374e+000 -4.4574500e+001  1.1180933e+001  3.6677848e+000
  1.6775131e+001 -3.0778410e+001  5.8558350e+000  2.1384757e+000
  5.9663248e-002  1.3014515e+002  2.9227309e+001  1.1035781e+001
  8.0584993e+001 -7.1496108e+001  4.0053789e+000  2.7194310e+000
 -4.6527447e+001  9.6732645e+001  2.1769018e+000  1.2727835e-002
 -1.5217783e+002 -1.2161894e+002  7.2283624e+000  2.8477605e+000
  1.2855336e+002  1.0032770e+002  1.5715356e+001  5.0036597e+000
 -6.1945202e+001 -9.8319987e+001  1.7160980e+001  3.4396986e+000
  5.0913971e+000 -4.8675721e+000  6.1970943e+000  6.7195921e+000
  1.2072119e+002  6.8606246e+000  1.6641365e+001  1.0287463e+001
  1.4083969e+002 -5.7017737e+001  2.8481504e+000  9.6683015e-001
 -5.1519622e+001  1.1316361e+002  9.5813433e+000  8.4844334e+000
 -2.2264523e+002  7.9984281e+001  2.0353559e+001  4.6070983e+000
  4.9638286e+001 -3.0416540e+001  2.0570949e+001  1.2271891e+001
  2.0870619e+002  3.8240882e+001  1.1303762e+001  3.5987316e+000
 -6.0647579e+001  9.1709177e+000  1.6127328e+001  8.2624983e+000
  6.8850598e+001 -9.3903884e+001  1.6553012e+001  3.5906533e+000
 -1.1023692e+002 -4.7949639e+001  9.4191837e+000  5.6905213e+000
  2.6872252e+000 -8.4255934e+001  7.9679198e+000  5.0130929e+000
  4.8143952e+001  2.9771479e+001  2.4301110e+001  1.2461235e+001
 -1.3383952e+002  6.6947198e+001  1.4764843e+001  9.7770220e+000
  5.2937154e+001 -2.1400265e+001  1.9220486e+001  4.7947625e+000
 -1.0079603e+002  5.4562863e+001  1.6705190e+001  3.5928656e+000
 -5.5104486e+001 -4.0180768e+001  8.1312004e+000  8.0470727e+000
 -4.1887131e+001 -2.8366043e+002  2.8740208e+001  1.2291870e+001
 -2.1633180e+000 -3.8169209e+001  2.0607551e+001  4.2520775e+000
 -1.9168167e+001 -1.6489583e+002  1.1346160e+001  9.2887236e+000
  2.8566052e+001 -5.8763868e+000  9.8839314e+000  3.5708592e+000
  1.9889496e+001  3.9780129e+001  2.0260283e+001  3.7752472e+000
 -1.3066633e+002 -3.5665856e+001  3.7163649e+000  2.2553692e+000
  4.1105387e+001 -1.4744365e+001  1.7926632e+001  1.1041135e+001
  3.0124326e+001  1.7845196e+002  1.8047562e+001  3.4084510e+000
  1.8714795e+001  9.3572428e+001  1.1038867e+001  8.7706220e+000
 -4.4322742e+001 -2.0081583e+002  1.7008681e+001  3.9907031e+000
 -5.5846258e+000 -1.2062787e+002  1.6368168e+001  3.6574804e+000
  1.9007190e+002  9.3381884e+001  7.9653933e+000  5.1791726e+000
  9.2381805e+000  2.5728547e+000  1.8898784e+001  4.8122728e+000
 -1.6931680e+002  4.0821928e+001  1.6585837e+001  4.0636356e+000
  1.2984350e+002  7.4087667e+001  1.2259260e+001  3.7985861e+000
  2.1820760e+002  1.1922335e+002  7.2906442e+000  6.1355490e+000
  1.2485120e+002  9.9922684e+001  1.4248710e+001  4.2204645e+000
  8.0817069e+001  6.5591418e+001  2.7212330e+001  1.0259037e+001
  2.3830365e+001  3.0998968e+001  1.9736633e+001  1.1715309e+001
 -6.7302978e+001 -1.2223756e+000  1.0335222e+001  8.7667175e+000
 -4.4335453e+001 -5.9468938e+000  2.0643209e+001  5.0079679e+000
  7.4239613e+000  1.4714792e+002  1.0824263e+001  6.7759763e+000
  8.2131452e+001  4.8057869e+001  9.4411630e+000  6.0434931e+000
  6.7099530e+001  8.2955682e+001  1.9662777e+001  4.0395320e+000
  2.6489836e+002  1.5231757e+001  1.8697491e+001  3.2977783e+000
  1.1636436e+002 -1.1322966e+002  3.0156142e+001  1.1194128e+001
  1.2166898e+002  1.2805281e+002  2.0220579e+001  4.1357476e+000
  1.8348815e+002 -1.6302201e+002  1.6870567e+001  3.2277706e+000
 -3.7952950e+001 -1.0294876e+002  1.9424280e+001  3.8776474e+000
  1.5644194e+001 -1.7023538e+002  1.9364463e+001  4.5868149e+000
  1.4743710e+002  1.2583491e+002  1.8286419e+001  4.6032302e+000
 -1.1962651e+002  1.2026561e+002  1.7312260e+001  3.1595545e+000
 -3.9104471e+001  9.8431757e+001  1.7168920e+001  7.0076082e+000
 -1.0545198e+002  1.8473154e+002  1.9813641e+001  7.5769722e+000
  4.8267497e+001  1.0637308e+002  2.4688360e+001  1.3125752e+001
  3.8216273e+001 -1.2454486e+001  2.0578917e+001  1.1753013e+001
 -2.6060522e+001  5.9038424e+001  2.6179907e+001  1.2903242e+001
 -3.4437786e+001 -1.1691349e+001  2.1586573e+000  8.5498277e-001
  3.8442595e-001  1.2101889e+002  1.8896564e+001  7.6269527e+000
 -2.2173431e+002  3.0038940e+002  2.9631339e+001  1.2622003e+001
 -1.1203272e+001  9.2009515e+001  6.8938844e+000  7.0565290e+000
  8.4940892e+000  9.8849935e+001  7.4046333e+000  4.4524733e+000
  1.4294524e+002  7.9787755e+001  5.3377255e+000  2.8122277e+000
 -4.0792952e+001  7.7178507e+001  2.4921779e+001  1.2823318e+001
 -1.0634132e+002 -1.0971973e+002  1.7620482e+001  3.6791294e+000
  4.6887736e+001  2.6701846e+001  1.6969708e+001  8.2309475e+000
  1.2231193e+002 -1.1058960e+002  1.8878910e+001  4.7832033e+000
  5.9018152e+001  3.8571690e+001  1.4944236e+001  8.3216847e+000
 -9.9560224e+001  1.7083199e+002  1.6156886e+001  3.0998018e+000
 -3.8838649e+001  2.5699096e+001  1.2473196e+001  8.7307308e+000
 -8.4050628e+001  9.6690517e+001  5.1304029e+000  6.1615899e+000
  1.4125503e+002 -3.0299283e+001  1.2510207e+001  3.7060370e+000
  4.8482130e+001  7.9164325e+001  2.5306795e+001  1.3482954e+001
  7.9154947e+001  5.3077151e+001  2.4477868e+001  8.1023321e+000
  1.4587078e+001 -5.1368186e+001  6.8482571e+000  2.3419618e+000
  3.4013240e+001  1.6710964e+002  6.2650125e+000  7.3423670e+000
 -7.6591447e+001  8.1854026e+001  1.7470922e+001  3.3778593e+000
 -2.8266868e+001  5.3915164e+001  1.2520463e+001  7.5811975e+000
  2.5184167e+002  8.1583682e+001  1.3832979e+001  7.6726229e+000
  2.4144189e+000  6.7739180e+001  1.0411518e+001  8.7308799e+000
  3.1107670e+001  1.0524184e+000  2.1009151e+001  6.9023166e+000
  2.6152824e+000 -9.2652078e+001  1.5939368e+001  8.5290192e+000
  2.2336291e+002  1.7307791e+001  1.1297157e+001  7.2726448e+000
  1.3283963e+002 -2.5232377e+002  2.3986027e+000  5.7344015e-001
  5.9824821e+001  1.6996634e+002  1.8461889e+001  1.1071045e+001
  1.0273500e+001  2.5554570e+001  1.0238626e+001  8.7327873e+000
 -8.7259735e+000 -1.7261223e+002  1.7736813e+001  6.0126222e+000
  9.8230002e+001  6.6251601e+001  1.8755585e+001  4.6515170e+000
  1.0387810e+001 -6.8416627e+001  8.7597499e+000  5.9761308e+000
 -1.4937769e+002  6.4118767e+001  8.7731881e+000  6.2684125e+000
  1.0392128e+002 -4.5330509e+001  1.5273175e+001  8.1831764e+000
  9.3928132e+001 -2.4611061e+001  3.0216568e+000  2.5727707e+000
 -3.9390026e+001  3.1900183e+001  1.8137132e+001  3.9270888e+000
  7.3959248e+001  6.5470508e+001  9.8129460e+000  6.3646771e+000
 -1.4314714e+002 -2.2397668e+002  1.8027085e+001  6.7562751e+000
  1.3944856e+001  1.1641960e+002  1.5350456e+001  7.1774374e+000
  5.1333787e+001  1.6734440e+001  1.0967396e+001  7.1816938e+000
  1.8833656e+002  1.5244214e+002  2.3268935e+001  1.3029416e+001
  5.0980835e+001  5.8081778e+001  1.6818901e+001  3.2619971e+000
  2.0612151e+001  1.3084584e+002  1.7185039e+001  6.8656025e+000
 -4.4299026e+001  1.3789650e+002  4.7801737e+000  1.1478248e+000
  1.2601709e+002  3.4951994e+001  5.4503337e+000  9.6936395e-001
  2.6234503e+001  4.6701064e+001  2.0438514e+001  4.8378731e+000
  1.0752566e+002  9.5855114e+001  9.1613104e+000  6.0865384e+000
 -9.6774491e+001  7.0855835e+001  1.2649380e+001  8.8098859e+000
 -4.6856599e+000 -1.2853753e+001  1.1758417e+001  6.5114722e+000
  7.4201738e+000  1.1547793e+002  1.9924023e+001  7.1380761e+000
 -3.3238150e+000 -1.6288080e+002  6.8933800e+000  3.2531537e+000
 -5.8723589e+001  7.4274319e+001  1.1706541e+000  1.1066769e+000
  4.4597751e+001 -1.4287076e+000  1.7400774e+001  3.3347702e+000
 -3.4383562e+001  6.9881379e+001  5.6085155e+000  6.6409147e+000
  1.3405945e+001  7.1269537e+001  1.3271928e+001  7.8539333e+000
  1.3454742e+002 -1.0680040e+002  1.3935957e+001  8.0090317e+000
  7.6342856e+001  6.8767123e+001  2.7282609e+000  2.3653828e+000
 -7.4522924e+001  6.5111034e+001  7.1956189e+000  5.6147637e+000
 -7.0182995e+001  6.3793464e+001  1.2068719e+000  2.1850076e+000
  9.0065434e+001 -8.7904845e+000  7.9443617e+000  3.8707360e+000
  1.3008431e+002  2.5382655e+002  1.3022016e+001  9.3156944e+000
  8.8923615e+001 -8.2123182e+001  1.5503196e+001  8.0689505e+000
 -1.7447046e+002  4.2075951e+001  6.2027402e+000  3.3157127e+000
 -1.3528167e+002  1.1538309e+002  1.6543630e+001  3.4724499e+000
 -3.9802115e+001 -4.3032697e+001  1.8344644e+001  4.4769316e+000
  9.7819449e+001  7.2565527e+001  7.2709858e+000  1.8769051e+000
  5.1836184e+001  1.1323837e+002  9.0564067e+000  3.8010101e+000
  1.0706311e+002 -8.5300093e+000  3.0146216e+001  1.1842001e+001
  6.1130453e-001  1.2529310e+002  1.9712399e+001  4.9173895e+000
  2.7862215e+002 -2.2394536e+001  6.9719853e+000  2.6886412e+000
  2.0809864e+002  7.8087116e+001  1.8469705e+001  6.2821252e+000
  1.3917108e+002 -2.1684320e+001  1.7577112e+001  8.2839560e+000
  3.3181539e+001  5.0755722e+001  1.7339019e+001  3.1150946e+000
 -7.5456677e+001 -2.0101755e+002  1.7752135e+001  6.7345907e+000
 -4.5621301e+001 -3.6377677e+001  2.9784203e+001  1.2978908e+001
  2.2400378e+001 -2.5737762e+001  6.8484809e+000  2.0603343e+000
  2.1106413e+002  3.8319391e+001  1.0175837e+001  8.5850588e+000
  5.0069980e+001 -8.2974016e+000  4.0265227e+000  2.7102340e+000
 -1.2459586e+001  1.6065495e+001  1.3282578e+001  8.3540383e+000
 -8.9350939e+001  4.0637593e+000  4.7993880e+000  1.5192905e+000
  1.3032312e+002 -4.1043360e+001  1.9797405e+001  4.9045165e+000
 -6.7416024e+001  1.1216074e+002  6.1526617e+000  3.1635135e+000
 -1.9142833e+002 -4.0330191e+000  1.3180496e+001  8.7366026e+000
  4.0858748e+001  1.3212058e+002  1.7312860e+001  4.1025994e+000
  7.9688262e+001  1.2368294e+002  1.3416386e+001  8.0110398e+000
 -1.1825530e+001  1.9111466e+001  7.7920317e-001  1.1117736e+000
 -7.6075956e+001 -6.9461632e+001  1.8278627e+001  1.0697533e+001
 -1.4139950e+001  2.0525984e+002  1.7139705e+001  3.1260212e+000
  1.1153038e+002 -1.3084284e+002  7.4458318e+000  3.4722999e+000
 -2.0664976e+001  9.2378030e+001  5.5644179e+000  1.4779212e+000
 -1.7372687e+001  5.6155665e+001  1.3848366e+001  4.0112169e+000
  1.4277033e+002 -6.4593055e+001  2.6139963e+000  2.9628726e+000
 -6.1276220e+001  1.0404172e+002  9.0561701e+000  3.8304190e+000
  3.4065263e+001  1.4526212e+001  8.8360682e+000  8.5257577e+000
  3.4645727e+001 -1.0947267e+002  4.5876125e+000  1.5556629e+000
 -3.5525422e+001  1.7226800e+002  1.8349110e+001  6.6148790e+000
 -8.9674713e+001  1.5094028e+002  1.3646543e+001  8.5760994e+000
 -5.1351516e+001  8.3411351e+001  1.8374337e+001  3.3929470e+000
  9.9252794e+001  4.1404028e+001  2.9260715e+001  1.1397277e+001
  1.4651784e+002  2.9616975e+001  1.9662960e+001  4.0109358e+000
  7.6959316e+001 -7.6310466e+000  1.9599493e+001  3.5922669e+000
 -3.9164839e+001  1.8176011e+001  1.6464351e+001  3.6149079e+000
  2.6316591e+001  2.8020593e+001  1.2586521e+001  7.4870335e+000
  1.4539824e+002  1.6281970e+002  1.6948623e+001  4.0435634e+000
  1.3513334e+002  4.1190063e+001  1.7180550e+001  4.0952619e+000
 -1.5159149e+001  5.8701133e+001  1.8381300e+001  4.7427725e+000
 -7.0341393e+001  4.9965425e+001  1.7695157e+001  3.2274538e+000
  1.6850761e+002 -9.8577462e+001  5.5945611e+000  1.6132665e+000
  1.0865087e+002  5.2603449e+001  9.4770284e+000  8.9571623e+000
 -4.4908445e+001  4.1351752e+001  1.5358968e+001  6.6446977e+000
 -6.1435792e+001  2.6917051e+001  1.7270070e+001  3.9310904e+000
 -1.2469513e+002  4.2582644e+001  3.9976991e+000  1.4423919e+000
  2.7652301e+002 -1.3026189e+001  2.6874160e+001  1.2682839e+001
 -1.0989481e+002 -9.4955763e+000  2.5883299e+001  8.7212126e+000
 -8.3255464e+001 -1.0687260e+002  1.8823409e+001  7.5449101e+000
 -8.8917687e+001  1.0394935e+002  7.0596036e+000  3.0057089e+000
  7.3163221e+001 -1.0592630e+002  1.9051951e+001  4.5406212e+000
  8.2129687e+001  3.0415283e+001  9.1710791e+000  4.0845936e+000
  3.1543610e+001  3.2070670e+001  1.3204375e+001  8.9107328e+000
  8.6241725e+001  2.0577162e+001  1.8580078e+001  4.6259777e+000
 -5.7433773e+001 -1.1710874e+001  1.5793569e+001  8.4742462e+000
  6.1340756e+001 -2.3595918e+001  6.9579115e+000  2.9152878e+000
  7.8625660e+001  4.3509181e+001  1.3589742e+001  8.1843347e+000
  1.9017990e+002 -3.4770241e+001  2.8912800e+001  1.0972366e+001
 -1.6296218e+002 -5.4766481e+001  1.0858230e+001  8.6941221e+000
 -3.1963755e+001 -9.7503111e+001  1.9069506e+001  3.8223422e+000
  2.0285868e+002 -1.3825591e+002  1.8217992e+001  3.1213103e+000
  1.9561553e+001 -7.1868441e+001  1.2623487e+001  8.8886646e+000
 -3.9338805e+001  9.8824052e+001  1.6930287e+001  1.0258151e+001
 -8.8215337e+001  3.1092711e+001  3.8745432e+000  2.8406980e+000
 -9.3213888e+000 -9.2235778e+001  1.7956602e+001  5.7333774e+000
  1.0664952e+002 -8.1899836e+001  9.9822960e+000  6.1637202e+000
  1.2509456e+002  1.5320964e+002  1.3852657e+001  8.9368831e+000
 -6.9419973e+001 -9.5000386e+001  1.2251819e+001  3.7011714e+000
  2.8104947e+001  2.8463871e+001  2.9819202e+001  1.0934084e+001
 -1.1811305e+002 -1.2870157e+002  1.5105482e+001  4.3726477e+000
  1.4453925e+002 -1.0352585e+002  5.5648130e+000  5.8262325e+000
  5.8214454e+001  1.8954341e+002  6.8859235e+000  6.6141453e+000
  1.3840652e+002 -2.8817942e+001  1.3897972e+000  1.3813221e+000
 -2.9429034e+001  7.7458100e+001  1.6910244e+001  2.9445301e+000
 -9.5216195e+001 -8.5483047e+000  1.1592139e+001  9.1577084e+000
  6.9883579e+001  2.4308771e+001  1.6696043e+001  2.7933706e+000
  1.4735546e+002 -1.1627562e+002  1.7207466e+001  4.1801037e+000
  1.3312655e+002  2.4550424e+001  2.0136830e+001  4.3109083e+000
  1.3767666e+002  5.3003052e+000  1.9926020e+001  4.7274784e+000
  1.1432473e+002  6.7436486e+001  1.9481582e+001  4.3848494e+000
 -4.7459613e+001  9.7599021e+001  1.8606387e+001  4.7103170e+000
 -2.4062910e+001  1.3881385e+002  1.0717092e+001  6.2359815e+000
 -5.4131243e+001 -6.8522774e+001  1.4092062e+001  7.4784857e+000
 -1.9198231e+002 -1.8191354e+001  3.6305172e+000  2.4889447e+000
  2.6789690e+001  8.0847505e+001  2.1147303e+001  4.9694027e+000
 -2.1437595e+001 -1.0102097e+002  7.4254861e+000  4.4875299e+000
  7.4804841e+000  2.3276545e+001  1.6893256e+001  6.8574275e+000
  4.4643171e+001 -4.5547209e+001  3.6157966e+000  2.4210512e+000
 -1.1470310e+002 -7.7484359e+001  6.5700936e+000  6.2031453e+000
 -6.8415876e+001  5.4448898e+001  1.8647461e+001  7.8203935e+000
  1.9956404e+002 -7.4274132e+001  2.7832728e+001  8.9986466e+000
  5.8756757e+000 -7.6446302e+001  1.6453931e+001  7.9056336e+000
  7.5964077e+001  1.3728819e+002  7.4420542e+000  7.6402895e+000
  6.7975440e+001  2.8698614e+002  1.9770478e+001  4.5842835e+000
  1.6223399e+001  1.3208351e+002  1.5605506e+001  9.0022220e+000
  1.2215508e+002  3.4534675e+001  1.6545321e+001  3.7484896e+000
  4.4003263e+001 -8.4254625e+001  5.1361555e-001  4.5577166e-001
 -1.0122824e+002  5.5552449e+001  4.7893628e+000  2.4727191e+000
  2.1320330e+002 -8.7737382e+001  2.9732367e+001  1.0561171e+001
  4.6046855e+001 -2.0141015e+002  1.3530909e+001  3.9222921e+000
  4.8969399e-001  3.0783210e+001  5.8411840e+000  2.2753381e+000
  1.3228572e+002  6.0872564e+001  1.9771117e+001  4.3426010e+000
  6.9851664e+001  8.0397958e+001  1.5384104e+001  8.2338774e+000
  1.6809722e+002  1.1019822e+002  1.6141717e+001  7.3998508e+000
 -9.6702116e+001 -2.8014701e+001  8.1404388e+000  8.2051579e+000
  1.1966637e+002 -3.8804762e+001  9.7458119e+000  6.6523340e+000
  1.4925912e+002  6.9793698e+001  2.0639603e+001  4.4985120e+000
  1.0828828e+002  8.3002947e+000  1.4991842e+001  8.5830167e+000
  2.2216881e+001 -1.7307942e+001  1.1963505e+001  7.4288310e+000
  4.4945075e+001 -9.8326717e+000  1.1728542e+001  3.5967427e+000
  3.6096500e+001  1.3958216e+001  1.6610414e+001  3.3327489e+000
  1.3089464e+002  6.3192070e+000  1.4799758e+001  8.2655390e+000
  1.6170090e+002  3.0442617e+001  6.1708353e+000  2.9128206e+000
  1.0086052e+002 -1.1758227e+002  2.1054377e+000  1.9412781e+000
  1.7917888e+001  7.8505928e+001  1.9668101e+001  1.1869705e+001
 -2.4074252e+001 -6.5468511e+001  7.2560827e+000  2.6737970e+000
 -1.1048246e+002  9.5739339e+001  3.7751868e+000  8.5362589e-001
  6.1027679e+001 -4.7543658e+001  1.6337370e+000  2.2906837e+000
  1.2034272e+002  3.5571384e+001  1.7775935e+001  4.7204246e+000
  3.0011113e+001  3.2795920e+000  4.5871786e+000  1.2111110e+000
 -1.0424448e+002 -6.1426230e+001  1.9028464e+000  1.3531768e+000
 -8.5561190e+001  5.0839367e+001  1.8393373e+001  3.3416905e+000
 -1.1289312e+002  1.4467847e+002  1.4900392e+001  4.2899305e+000
 -2.7236811e+001  1.6291925e+002  2.0510193e+001  4.3657390e+000
  1.0283993e+002  1.1430827e+002  1.1455264e+001  7.3748650e+000
  1.7949666e+001  6.6323136e+001  2.0614038e+001  6.8131827e+000
  1.1013028e+001  3.6081798e+001  1.7228890e+001  8.2684565e+000
  4.2391636e+001 -2.4255269e+001  2.2765473e+000  1.6198317e+000
  8.3315892e+001  7.6590100e+001  7.7854240e+000  5.7664394e+000
  9.0251679e+001  1.7832444e+002  1.9902371e+001  4.2594591e+000
 -3.3989811e+001  1.4640790e+002  2.0847936e+000  1.9419395e+000
  8.9478293e+001 -1.4920321e+001  1.1459638e+001  6.8510634e+000
  7.7831607e+001  5.7967278e+001  1.8940844e+001  3.7374061e+000
 -4.5394416e+001 -4.3228925e+001  1.0923437e+001  6.9615136e+000
 -1.7199207e+001  6.3278524e+001  9.8419577e+000  3.8667795e+000
  1.7349302e+002  9.3524416e+001  4.5008777e+000  1.1565073e+000
  1.9192303e+002 -1.9414125e+002  7.4816055e+000  6.0617169e+000
 -8.0326124e+001 -2.1439981e+002  1.9278181e+001  7.4692460e+000
  1.3186857e+001 -8.5818886e+001  1.7441542e+001  5.5352795e+000
  4.0619082e+001  2.7134150e+001  2.4976067e+001  8.3906561e+000
 -1.0613366e+002  1.9957250e+002  6.9669648e+000  6.1179895e+000
 -6.1637328e+001  2.9342274e+000  1.9290409e+001  1.0975079e+001
 -3.9697092e+001 -2.7255625e+001  7.9043347e+000  8.2598988e+000
 -1.2636440e+001 -1.4740766e+002  2.9268567e+001  1.0208381e+001
 -2.0615454e+001 -1.1532147e+002  1.5378717e+001  6.7542611e+000
  3.8843774e+001 -4.7758770e+001  6.2027989e+000  6.0627840e+000
 -6.3482427e+001  2.0926484e+002  5.8373995e+000  1.4257305e+000
 -5.3912171e+001 -3.2665953e+001  3.7203382e+000  2.2542369e+000
 -7.1794519e+001 -1.1749887e+002  1.6408789e+001  8.5266760e+000
 -3.2421717e+001  3.3085479e+001  1.3325122e+000  1.5100572e+000
 -2.4843217e+001 -8.6033250e+001  1.0998848e+001  8.8825221e+000
 -3.1707640e+001 -8.8594144e+001  1.7794422e+001  9.4185803e+000
 -9.7838133e-001  7.2616165e+001  1.7731602e+001  1.0842708e+001
 -5.4626390e+001 -6.5536172e+001  1.3450968e+001  8.0875242e+000
  2.1896108e+002  5.2734046e+000  9.6733525e+000  6.3581331e+000
  6.9462244e+001 -4.7579973e+001  1.2911632e+001  7.8723974e+000
  7.4004736e+001 -1.2314802e+002  7.9134786e+000  2.4470879e+000
 -3.3687596e+001  3.1904333e+001  1.0809587e+001  8.9546786e+000
